stim1,stim2,stim3,stim4,stim5,stim6,stim7,stim8,stim9,stim10,stim11,stim12,stim13
1,Alexander,didn't,walk,through,that,new,oasis.,+
2,Alexander,didn't,walk,through,those,new,oasis.,-
3,This,hair,irritates,these,old,alumni.,+
4,This,hair,irritates,this,old,alumni.,-
5,Winston,Churchill,was,escaping,from,this,serious,person.,+
6,Winston,Churchill,was,escaping,from,these,serious,person.,-
7,Anna,walks,through,these,purple,oases.,+
8,Anna,walks,through,this,purple,oases.,-
9,Alicia,sounded,like,this,good,analysis.,+
10,Alicia,sounded,like,these,good,analysis.,-
11,Jeffrey,might,complain,about,this,gray,thesis.,+
12,Jeffrey,might,complain,about,these,gray,thesis.,-
13,Meredith,approaches,these,concealed,women.,+
14,Meredith,approaches,this,concealed,women.,-
15,Julia,questioned,those,small,children.,+
16,Julia,questioned,that,small,children.,-
17,That,adult,has,brought,that,purple,octopus.,+
18,That,adult,has,brought,those,purple,octopus.,-
19,The,people,hug,this,displeased,woman.,+
20,The,people,hug,these,displeased,woman.,-
21,That,beef,did,bore,these,displeased,people.,+
22,That,beef,did,bore,this,displeased,people.,-
23,These,libraries,talk,about,these,long,synopses.,+
24,These,libraries,talk,about,this,long,synopses.,-
25,Lori,wasn't,hiring,those,delighted,men.,+
26,Lori,wasn't,hiring,that,delighted,men.,-
27,The,teachers,are,running,around,this,concealed,oasis.,+
28,The,teachers,are,running,around,these,concealed,oasis.,-
29,Those,bananas,embarrass,these,delighted,people.,+
30,Those,bananas,embarrass,this,delighted,people.,-
31,Mitchell,brought,those,green,oases.,+
32,Mitchell,brought,that,green,oases.,-
33,The,actresses,complain,about,this,rough,thesis.,+
34,The,actresses,complain,about,these,rough,thesis.,-
35,Russell,investigates,these,fast,women.,+
36,Russell,investigates,this,fast,women.,-
37,Irene,praised,those,bad,synopses.,+
38,Irene,praised,that,bad,synopses.,-
39,Denise,did,confuse,that,important,woman.,+
40,Denise,did,confuse,those,important,woman.,-
41,Some,patients,dislike,those,nice,women.,+
42,Some,patients,dislike,that,nice,women.,-
43,Amelia,wasn't,observing,this,hopeful,man.,+
44,Amelia,wasn't,observing,these,hopeful,man.,-
45,Grace,is,hugging,these,popular,women.,+
46,Grace,is,hugging,this,popular,women.,-
47,Julia,might,describe,this,long,synopsis.,+
48,Julia,might,describe,these,long,synopsis.,-
49,Many,pedestrians,do,return,to,these,happy,men.,+
50,Many,pedestrians,do,return,to,this,happy,men.,-
51,Laura,noticed,that,determined,man.,+
52,Laura,noticed,those,determined,man.,-
53,Julie,would,pass,those,red,oases.,+
54,Julie,would,pass,that,red,oases.,-
55,These,doctors,boast,about,this,out,in,the,open,child.,+
56,These,doctors,boast,about,these,out,in,the,open,child.,-
57,Stephen,isn't,revealing,this,brown,nucleus.,+
58,Stephen,isn't,revealing,these,brown,nucleus.,-
59,Travel,stuns,that,sick,child.,+
60,Travel,stuns,those,sick,child.,-
61,Amelia,healed,that,unemployed,woman.,+
62,Amelia,healed,those,unemployed,woman.,-
63,Noah,attacks,that,ill,child.,+
64,Noah,attacks,those,ill,child.,-
65,Randolf,buys,those,gray,fungi.,+
66,Randolf,buys,that,gray,fungi.,-
67,Some,pedestrians,disagreed,with,this,big,woman.,+
68,Some,pedestrians,disagreed,with,these,big,woman.,-
69,Adam,might,sound,like,these,determined,children.,+
70,Adam,might,sound,like,this,determined,children.,-
71,Bill,has,stunned,this,confident,man.,+
72,Bill,has,stunned,these,confident,man.,-
73,Rhonda,should,see,these,blue,oases.,+
74,Rhonda,should,see,this,blue,oases.,-
75,Stephen,cares,for,that,out,in,the,open,alumnus.,+
76,Stephen,cares,for,those,out,in,the,open,alumnus.,-
77,Cheryl,has,bought,this,green,oasis.,+
78,Cheryl,has,bought,these,green,oasis.,-
79,Every,door,annoyed,this,lucky,child.,+
80,Every,door,annoyed,these,lucky,child.,-
81,Gerald,cures,that,unlucky,child.,+
82,Gerald,cures,those,unlucky,child.,-
83,Eyes,weren't,worrying,this,troubled,child.,+
84,Eyes,weren't,worrying,these,troubled,child.,-
85,Michael,isn't,referencing,this,long,synopsis.,+
86,Michael,isn't,referencing,these,long,synopsis.,-
87,Robert,insults,this,serious,man.,+
88,Robert,insults,these,serious,man.,-
89,Waitresses,describe,that,smart,alumnus.,+
90,Waitresses,describe,those,smart,alumnus.,-
91,Dan,doesn't,respect,this,unemployed,alumnus.,+
92,Dan,doesn't,respect,these,unemployed,alumnus.,-
93,Eric,has,upset,those,scared,people.,+
94,Eric,has,upset,that,scared,people.,-
95,Sabrina,was,biking,to,this,exposed,oasis.,+
96,Sabrina,was,biking,to,these,exposed,oasis.,-
97,Edward,can't,think,about,these,exposed,mice.,+
98,Edward,can't,think,about,this,exposed,mice.,-
99,Phillip,listened,to,this,standing,alumnus.,+
100,Phillip,listened,to,these,standing,alumnus.,-
101,Those,men,skate,around,this,small,oasis.,+
102,Those,men,skate,around,these,small,oasis.,-
103,Rhonda,could,think,about,those,content,children.,+
104,Rhonda,could,think,about,that,content,children.,-
105,Melissa,had,remembered,that,unsure,person.,+
106,Melissa,had,remembered,those,unsure,person.,-
107,The,students,talk,about,this,upset,person.,+
108,The,students,talk,about,these,upset,person.,-
109,Leslie,insults,those,upset,alumni.,+
110,Leslie,insults,that,upset,alumni.,-
111,Hats,distract,this,ill,man.,+
112,Hats,distract,these,ill,man.,-
113,Dawn,sounded,like,this,determined,child.,+
114,Dawn,sounded,like,these,determined,child.,-
115,Carl,had,run,around,that,brown,oasis.,+
116,Carl,had,run,around,those,brown,oasis.,-
117,Anna,criticizes,these,concealed,children.,+
118,Anna,criticizes,this,concealed,children.,-
119,The,waiter,might,criticize,that,unemployed,man.,+
120,The,waiter,might,criticize,those,unemployed,man.,-
121,Tracy,was,investigating,this,troubled,alumnus.,+
122,Tracy,was,investigating,these,troubled,alumnus.,-
123,These,newspaper,articles,astound,this,clever,child.,+
124,These,newspaper,articles,astound,these,clever,child.,-
125,Dana,hadn't,attacked,this,small,man.,+
126,Dana,hadn't,attacked,these,small,man.,-
127,Curtis,wasn't,breaking,those,hard,teeth.,+
128,Curtis,wasn't,breaking,that,hard,teeth.,-
129,All,customers,attack,this,employed,alumnus.,+
130,All,customers,attack,these,employed,alumnus.,-
131,Most,ladies,go,to,those,purple,oases.,+
132,Most,ladies,go,to,that,purple,oases.,-
133,A,dancer,tours,that,blue,oasis.,+
134,A,dancer,tours,those,blue,oasis.,-
135,Steven,irritated,this,unconvinced,woman.,+
136,Steven,irritated,these,unconvinced,woman.,-
137,Tara,wasn't,helping,that,sick,man.,+
138,Tara,wasn't,helping,those,sick,man.,-
139,The,dancers,aren't,cleaning,that,smooth,fungus.,+
140,The,dancers,aren't,cleaning,those,smooth,fungus.,-
141,Melissa,had,talked,about,these,white,theses.,+
142,Melissa,had,talked,about,this,white,theses.,-
143,The,man,isn't,watching,those,upset,men.,+
144,The,man,isn't,watching,that,upset,men.,-
145,Sabrina,won't,worry,this,out,in,the,open,person.,+
146,Sabrina,won't,worry,these,out,in,the,open,person.,-
147,Every,bird,embarrassed,these,unemployed,men.,+
148,Every,bird,embarrassed,this,unemployed,men.,-
149,The,Borgias,drive,to,that,small,oasis.,+
150,The,Borgias,drive,to,those,small,oasis.,-
151,Bradley,likes,these,brown,fungi.,+
152,Bradley,likes,this,brown,fungi.,-
153,Most,guys,go,to,that,black,oasis.,+
154,Most,guys,go,to,those,black,oasis.,-
155,A,pedestrian,hadn't,approached,these,hopeful,women.,+
156,A,pedestrian,hadn't,approached,this,hopeful,women.,-
157,Some,senators,aren't,healing,this,unemployed,alumnus.,+
158,Some,senators,aren't,healing,these,unemployed,alumnus.,-
159,That,cart,wasn't,stunning,these,exposed,men.,+
160,That,cart,wasn't,stunning,this,exposed,men.,-
161,Joel,can,think,about,this,smart,man.,+
162,Joel,can,think,about,these,smart,man.,-
163,Those,prints,disgust,those,good,people.,+
164,Those,prints,disgust,that,good,people.,-
165,Beverly,hadn't,passed,these,yellow,oases.,+
166,Beverly,hadn't,passed,this,yellow,oases.,-
167,A,lot,of,prints,irritate,this,unconvinced,woman.,+
168,A,lot,of,prints,irritate,these,unconvinced,woman.,-
169,Many,customers,hire,those,standing,alumni.,+
170,Many,customers,hire,that,standing,alumni.,-
171,Some,rug,isn't,irritating,that,nice,woman.,+
172,Some,rug,isn't,irritating,those,nice,woman.,-
173,Jill,embarrassed,those,busy,men.,+
174,Jill,embarrassed,that,busy,men.,-
175,Most,sketches,could,hurt,this,uncertain,person.,+
176,Most,sketches,could,hurt,these,uncertain,person.,-
177,Patricia,lifted,those,purple,feet.,+
178,Patricia,lifted,that,purple,feet.,-
179,The,girls,sell,this,hard,fungus.,+
180,The,girls,sell,these,hard,fungus.,-
181,Nicole,has,seen,this,yellow,cactus.,+
182,Nicole,has,seen,these,yellow,cactus.,-
183,Sharon,could,arrive,at,those,big,oases.,+
184,Sharon,could,arrive,at,that,big,oases.,-
185,This,cashier,can,fire,that,good,woman.,+
186,This,cashier,can,fire,those,good,woman.,-
187,Raymond,left,those,scared,children.,+
188,Raymond,left,that,scared,children.,-
189,Noah,could,discuss,that,clever,person.,+
190,Noah,could,discuss,those,clever,person.,-
191,Rachelle,knew,that,concealed,woman.,+
192,Rachelle,knew,those,concealed,woman.,-
193,Dawn,hasn't,cured,those,gray,oxen.,+
194,Dawn,hasn't,cured,that,gray,oxen.,-
195,The,Great,Lakes,haven't,disgusted,those,out,in,the,open,people.,+
196,The,Great,Lakes,haven't,disgusted,that,out,in,the,open,people.,-
197,Wayne,doesn't,exit,those,cheap,oases.,+
198,Wayne,doesn't,exit,that,cheap,oases.,-
199,These,waitresses,haven't,astounded,this,fast,woman.,+
200,These,waitresses,haven't,astounded,these,fast,woman.,-
201,Patrick,hasn't,lifted,this,out,in,the,open,cactus.,+
202,Patrick,hasn't,lifted,these,out,in,the,open,cactus.,-
203,Angela,isn't,embarrassing,those,excited,children.,+
204,Angela,isn't,embarrassing,that,excited,children.,-
205,Jennifer,hasn't,criticized,this,smart,man.,+
206,Jennifer,hasn't,criticized,these,smart,man.,-
207,April,watched,this,big,person.,+
208,April,watched,these,big,person.,-
209,Candice,hadn't,bothered,that,serious,alumnus.,+
210,Candice,hadn't,bothered,those,serious,alumnus.,-
211,The,Clintons,observe,those,happy,women.,+
212,The,Clintons,observe,that,happy,women.,-
213,The,Clintons,observe,this,excited,man.,+
214,The,Clintons,observe,these,excited,man.,-
215,Associations,were,listening,to,that,unlucky,child.,+
216,Associations,were,listening,to,those,unlucky,child.,-
217,Those,committees,discussed,that,busy,woman.,+
218,Those,committees,discussed,those,busy,woman.,-
219,Debra,isn't,discussing,that,good,analysis.,+
220,Debra,isn't,discussing,those,good,analysis.,-
221,The,drawing,distracts,this,lucky,woman.,+
222,The,drawing,distracts,these,lucky,woman.,-
223,Holly,couldn't,dislike,this,exposed,child.,+
224,Holly,couldn't,dislike,these,exposed,child.,-
225,Angela,examines,that,good,synopsis.,+
226,Angela,examines,those,good,synopsis.,-
227,These,skateboards,aggravate,that,lucky,woman.,+
228,These,skateboards,aggravate,those,lucky,woman.,-
229,Some,play,alarms,those,small,women.,+
230,Some,play,alarms,that,small,women.,-
231,Students,investigate,these,nice,men.,+
232,Students,investigate,this,nice,men.,-
233,Tanya,wasn't,shocking,that,busy,child.,+
234,Tanya,wasn't,shocking,those,busy,child.,-
235,Brett,has,boasted,about,this,nice,person.,+
236,Brett,has,boasted,about,these,nice,person.,-
237,Jennifer,described,that,hidden,woman.,+
238,Jennifer,described,those,hidden,woman.,-
239,Winston,Churchill,passed,these,red,oases.,+
240,Winston,Churchill,passed,this,red,oases.,-
241,Some,mirror,could,scare,this,nice,woman.,+
242,Some,mirror,could,scare,these,nice,woman.,-
243,Caroline,hadn't,fired,that,scared,alumnus.,+
244,Caroline,hadn't,fired,those,scared,alumnus.,-
245,Edward,wasn't,referencing,that,displeased,woman.,+
246,Edward,wasn't,referencing,those,displeased,woman.,-
247,Many,teachers,clean,these,cheap,teeth.,+
248,Many,teachers,clean,this,cheap,teeth.,-
249,Wayne,might,remember,these,new,oases.,+
250,Wayne,might,remember,this,new,oases.,-
251,Some,high,school,alarms,this,determined,man.,+
252,Some,high,school,alarms,these,determined,man.,-
253,Vincent,had,returned,to,these,out,in,the,open,oases.,+
254,Vincent,had,returned,to,this,out,in,the,open,oases.,-
255,Marla,hired,this,standing,child.,+
256,Marla,hired,these,standing,child.,-
257,Some,cucumber,has,upset,those,ill,men.,+
258,Some,cucumber,has,upset,that,ill,men.,-
259,Russell,hasn't,kissed,this,content,man.,+
260,Russell,hasn't,kissed,these,content,man.,-
261,Guy,has,left,this,determined,man.,+
262,Guy,has,left,these,determined,man.,-
263,The,Lutherans,listen,to,these,employed,women.,+
264,The,Lutherans,listen,to,this,employed,women.,-
265,Candice,disliked,these,bad,analyses.,+
266,Candice,disliked,this,bad,analyses.,-
267,Many,women,heal,these,lost,geese.,+
268,Many,women,heal,this,lost,geese.,-
269,Wayne,has,remembered,these,smart,people.,+
270,Wayne,has,remembered,this,smart,people.,-
271,This,teenager,had,dropped,by,these,white,oases.,+
272,This,teenager,had,dropped,by,this,white,oases.,-
273,Eva,has,exited,those,smooth,oases.,+
274,Eva,has,exited,that,smooth,oases.,-
275,Cheryl,wouldn't,aggravate,that,bad,person.,+
276,Cheryl,wouldn't,aggravate,those,bad,person.,-
277,Katherine,hadn't,shocked,those,young,children.,+
278,Katherine,hadn't,shocked,that,young,children.,-
279,The,student,loves,these,troubled,people.,+
280,The,student,loves,this,troubled,people.,-
281,Tracy,cared,for,those,smart,alumni.,+
282,Tracy,cared,for,that,smart,alumni.,-
283,Guys,return,to,these,small,oases.,+
284,Guys,return,to,this,small,oases.,-
285,Marcus,won't,bike,to,this,white,oasis.,+
286,Marcus,won't,bike,to,these,white,oasis.,-
287,Eggplants,impressed,these,unconvinced,alumni.,+
288,Eggplants,impressed,this,unconvinced,alumni.,-
289,A,turtle,has,bored,those,troubled,children.,+
290,A,turtle,has,bored,that,troubled,children.,-
291,The,adults,were,taking,those,old,teeth.,+
292,The,adults,were,taking,that,old,teeth.,-
293,Alan,wasn't,returning,to,those,blue,oases.,+
294,Alan,wasn't,returning,to,that,blue,oases.,-
295,Theodore,had,lifted,this,rough,cactus.,+
296,Theodore,had,lifted,these,rough,cactus.,-
297,Joel,isn't,praising,those,good,synopses.,+
298,Joel,isn't,praising,that,good,synopses.,-
299,The,pedestrian,knows,these,standing,women.,+
300,The,pedestrian,knows,this,standing,women.,-
301,Some,museums,forget,that,good,analysis.,+
302,Some,museums,forget,those,good,analysis.,-
303,The,Clintons,might,clean,that,lost,fungus.,+
304,The,Clintons,might,clean,those,lost,fungus.,-
305,Mary,is,bothering,these,out,in,the,open,children.,+
306,Mary,is,bothering,this,out,in,the,open,children.,-
307,Many,customers,sell,that,lost,ox.,+
308,Many,customers,sell,those,lost,ox.,-
309,These,waitresses,praise,these,troubled,men.,+
310,These,waitresses,praise,this,troubled,men.,-
311,Many,men,didn't,admire,that,nice,person.,+
312,Many,men,didn't,admire,those,nice,person.,-
313,Jesus,ran,around,this,exposed,oasis.,+
314,Jesus,ran,around,these,exposed,oasis.,-
315,Many,customers,talk,about,that,delighted,child.,+
316,Many,customers,talk,about,those,delighted,child.,-
317,Drawings,had,disgusted,this,small,woman.,+
318,Drawings,had,disgusted,these,small,woman.,-
319,Colleen,did,care,for,that,good,man.,+
320,Colleen,did,care,for,those,good,man.,-
321,Marcus,admired,those,exposed,geese.,+
322,Marcus,admired,that,exposed,geese.,-
323,Randolf,has,noticed,this,clean,foot.,+
324,Randolf,has,noticed,these,clean,foot.,-
325,Craig,could,listen,to,that,determined,man.,+
326,Craig,could,listen,to,those,determined,man.,-
327,Movies,stunned,this,small,man.,+
328,Movies,stunned,these,small,man.,-
329,Timothy,buys,this,rough,ox.,+
330,Timothy,buys,these,rough,ox.,-
331,Some,women,go,to,those,red,oases.,+
332,Some,women,go,to,that,red,oases.,-
333,Ruth,fixed,this,clean,tooth.,+
334,Ruth,fixed,these,clean,tooth.,-
335,Monica,is,boring,those,clever,men.,+
336,Monica,is,boring,that,clever,men.,-
337,Janice,knows,these,hidden,alumni.,+
338,Janice,knows,this,hidden,alumni.,-
339,Spain,insults,this,delighted,alumnus.,+
340,Spain,insults,these,delighted,alumnus.,-
341,Some,planes,bore,that,displeased,child.,+
342,Some,planes,bore,those,displeased,child.,-
343,Dishes,should,upset,these,happy,men.,+
344,Dishes,should,upset,this,happy,men.,-
345,That,painting,looked,like,these,yellow,stimuli.,+
346,That,painting,looked,like,this,yellow,stimuli.,-
347,Amy,shocked,that,content,man.,+
348,Amy,shocked,those,content,man.,-
349,Melinda,hasn't,hidden,this,determined,woman.,+
350,Melinda,hasn't,hidden,these,determined,woman.,-
351,Caroline,did,drive,to,this,brown,oasis.,+
352,Caroline,did,drive,to,these,brown,oasis.,-
353,That,rice,disturbed,those,smart,alumni.,+
354,That,rice,disturbed,that,smart,alumni.,-
355,Brian,will,examine,these,long,analyses.,+
356,Brian,will,examine,this,long,analyses.,-
357,Mark,dislikes,this,uncertain,child.,+
358,Mark,dislikes,these,uncertain,child.,-
359,Rose,was,returning,to,these,out,in,the,open,children.,+
360,Rose,was,returning,to,this,out,in,the,open,children.,-
361,The,guest,has,fixed,this,red,tooth.,+
362,The,guest,has,fixed,these,red,tooth.,-
363,Jennifer,is,breaking,this,big,tooth.,+
364,Jennifer,is,breaking,these,big,tooth.,-
365,Sabrina,isn't,referencing,these,red,theses.,+
366,Sabrina,isn't,referencing,this,red,theses.,-
367,Valerie,hadn't,exited,that,exposed,oasis.,+
368,Valerie,hadn't,exited,those,exposed,oasis.,-
369,Every,restaurant,had,worried,this,hidden,child.,+
370,Every,restaurant,had,worried,these,hidden,child.,-
371,A,woman,was,examining,those,long,synopses.,+
372,A,woman,was,examining,that,long,synopses.,-
373,All,actresses,approach,that,content,man.,+
374,All,actresses,approach,those,content,man.,-
375,Sarah,cleaned,those,yellow,feet.,+
376,Sarah,cleaned,that,yellow,feet.,-
377,Margaret,tours,those,black,oases.,+
378,Margaret,tours,that,black,oases.,-
379,Rachel,wasn't,messing,up,this,clean,foot.,+
380,Rachel,wasn't,messing,up,these,clean,foot.,-
381,The,Lutherans,go,to,that,old,oasis.,+
382,The,Lutherans,go,to,those,old,oasis.,-
383,The,lamps,shock,those,hidden,alumni.,+
384,The,lamps,shock,that,hidden,alumni.,-
385,Claire,conceals,those,small,stimuli.,+
386,Claire,conceals,that,small,stimuli.,-
387,Most,documentaries,annoy,that,busy,person.,+
388,Most,documentaries,annoy,those,busy,person.,-
389,Pamela,shouldn't,return,to,those,exposed,men.,+
390,Pamela,shouldn't,return,to,that,exposed,men.,-
391,That,person,couldn't,arrive,at,that,purple,oasis.,+
392,That,person,couldn't,arrive,at,those,purple,oasis.,-
393,Alicia,won't,admire,those,big,nuclei.,+
394,Alicia,won't,admire,that,big,nuclei.,-
395,Curtis,arrived,at,that,red,oasis.,+
396,Curtis,arrived,at,those,red,oasis.,-
397,People,investigate,that,smart,man.,+
398,People,investigate,those,smart,man.,-
399,Some,boys,hire,these,content,alumni.,+
400,Some,boys,hire,this,content,alumni.,-
401,Leslie,found,these,brown,feet.,+
402,Leslie,found,this,brown,feet.,-
403,Alexander,was,firing,that,displeased,woman.,+
404,Alexander,was,firing,those,displeased,woman.,-
405,Florence,hasn't,argued,about,those,confident,children.,+
406,Florence,hasn't,argued,about,that,confident,children.,-
407,That,adult,hadn't,complained,about,that,exposed,man.,+
408,That,adult,hadn't,complained,about,those,exposed,man.,-
409,Larry,works,with,these,scared,women.,+
410,Larry,works,with,this,scared,women.,-
411,Kathleen,leaves,this,old,child.,+
412,Kathleen,leaves,these,old,child.,-
413,The,actresses,weren't,watching,these,scared,people.,+
414,The,actresses,weren't,watching,this,scared,people.,-
415,Derek,isn't,escaping,from,these,blue,oases.,+
416,Derek,isn't,escaping,from,this,blue,oases.,-
417,Naomi,isn't,talking,about,that,cheap,oasis.,+
418,Naomi,isn't,talking,about,those,cheap,oasis.,-
419,These,guests,hate,these,troubled,men.,+
420,These,guests,hate,this,troubled,men.,-
421,Patricia,wasn't,hiring,those,small,children.,+
422,Patricia,wasn't,hiring,that,small,children.,-
423,All,stairs,weren't,alarming,that,lucky,woman.,+
424,All,stairs,weren't,alarming,those,lucky,woman.,-
425,Many,drivers,left,that,confident,alumnus.,+
426,Many,drivers,left,those,confident,alumnus.,-
427,Every,skirt,disgusts,these,smart,children.,+
428,Every,skirt,disgusts,this,smart,children.,-
429,Valerie,has,astounded,that,lost,alumnus.,+
430,Valerie,has,astounded,those,lost,alumnus.,-
431,Sonia,should,describe,this,determined,child.,+
432,Sonia,should,describe,these,determined,child.,-
433,A,lot,of,lakes,weren't,disgusting,that,old,person.,+
434,A,lot,of,lakes,weren't,disgusting,those,old,person.,-
435,Some,pants,hadn't,aggravated,that,good,woman.,+
436,Some,pants,hadn't,aggravated,those,good,woman.,-
437,Anne,does,return,to,that,old,woman.,+
438,Anne,does,return,to,those,old,woman.,-
439,Alan,wasn't,listening,to,that,delighted,person.,+
440,Alan,wasn't,listening,to,those,delighted,person.,-
441,Some,icicles,annoy,those,serious,alumni.,+
442,Some,icicles,annoy,that,serious,alumni.,-
443,Many,women,won't,scare,those,uncertain,men.,+
444,Many,women,won't,scare,that,uncertain,men.,-
445,Science,disgusts,this,unconvinced,alumnus.,+
446,Science,disgusts,these,unconvinced,alumnus.,-
447,Connie,tours,these,rough,oases.,+
448,Connie,tours,this,rough,oases.,-
449,Those,banks,were,talking,about,this,lost,thesis.,+
450,Those,banks,were,talking,about,these,lost,thesis.,-
451,Some,prints,didn't,look,like,this,rough,louse.,+
452,Some,prints,didn't,look,like,these,rough,louse.,-
453,All,pedestrians,like,those,rough,theses.,+
454,All,pedestrians,like,that,rough,theses.,-
455,Douglas,saw,that,black,fungus.,+
456,Douglas,saw,those,black,fungus.,-
457,Sarah,examined,that,bad,analysis.,+
458,Sarah,examined,those,bad,analysis.,-
459,An,actress,researches,this,long,thesis.,+
460,An,actress,researches,these,long,thesis.,-
461,Those,waitresses,criticize,this,hidden,child.,+
462,Those,waitresses,criticize,these,hidden,child.,-
463,Most,drivers,question,these,upset,alumni.,+
464,Most,drivers,question,this,upset,alumni.,-
465,Phillip,isn't,working,with,these,small,women.,+
466,Phillip,isn't,working,with,this,small,women.,-
467,Jennifer,can't,aggravate,that,unlucky,man.,+
468,Jennifer,can't,aggravate,those,unlucky,man.,-
469,Essays,confuse,this,good,woman.,+
470,Essays,confuse,these,good,woman.,-
471,Amelia,has,forgotten,those,bad,analyses.,+
472,Amelia,has,forgotten,that,bad,analyses.,-
473,Michael,had,explored,this,brown,oasis.,+
474,Michael,had,explored,these,brown,oasis.,-
475,Natalie,can,aggravate,those,smart,men.,+
476,Natalie,can,aggravate,that,smart,men.,-
477,That,patient,won't,go,to,these,cheap,oases.,+
478,That,patient,won't,go,to,this,cheap,oases.,-
479,Heidi,had,discovered,those,black,feet.,+
480,Heidi,had,discovered,that,black,feet.,-
481,David,hadn't,watched,those,determined,men.,+
482,David,hadn't,watched,that,determined,men.,-
483,Some,teenager,couldn't,walk,through,these,green,oases.,+
484,Some,teenager,couldn't,walk,through,this,green,oases.,-
485,Christina,shouldn't,sell,this,hard,oasis.,+
486,Christina,shouldn't,sell,these,hard,oasis.,-
487,Christopher,isn't,firing,those,sick,men.,+
488,Christopher,isn't,firing,that,sick,men.,-
489,Most,students,hide,that,yellow,mouse.,+
490,Most,students,hide,those,yellow,mouse.,-
491,Holly,did,buy,those,clean,feet.,+
492,Holly,did,buy,that,clean,feet.,-
493,Many,actors,clean,these,brown,theses.,+
494,Many,actors,clean,this,brown,theses.,-
495,Stacy,would,hide,those,lost,lice.,+
496,Stacy,would,hide,that,lost,lice.,-
497,Alan,drove,to,that,new,oasis.,+
498,Alan,drove,to,those,new,oasis.,-
499,The,Impressionists,tour,this,purple,oasis.,+
500,The,Impressionists,tour,these,purple,oasis.,-
501,Wayne,is,talking,to,this,hidden,woman.,+
502,Wayne,is,talking,to,these,hidden,woman.,-
503,Christopher,forgets,this,happy,child.,+
504,Christopher,forgets,these,happy,child.,-
505,Julie,can,boycott,those,cheap,oases.,+
506,Julie,can,boycott,that,cheap,oases.,-
507,Most,senators,dislike,these,bad,theses.,+
508,Most,senators,dislike,this,bad,theses.,-
509,Denise,concealed,this,content,person.,+
510,Denise,concealed,these,content,person.,-
511,Some,bike,shocks,these,nice,women.,+
512,Some,bike,shocks,this,nice,women.,-
513,These,teenagers,fix,those,hidden,feet.,+
514,These,teenagers,fix,that,hidden,feet.,-
515,Ella,praised,that,ill,woman.,+
516,Ella,praised,those,ill,woman.,-
517,Current,events,stun,these,lost,people.,+
518,Current,events,stun,this,lost,people.,-
519,Mary,tours,this,gray,oasis.,+
520,Mary,tours,these,gray,oasis.,-
521,Linda,visited,those,unsure,men.,+
522,Linda,visited,that,unsure,men.,-
523,Dan,wouldn't,boycott,that,smooth,oasis.,+
524,Dan,wouldn't,boycott,those,smooth,oasis.,-
525,Those,men,leave,that,brown,oasis.,+
526,Those,men,leave,those,brown,oasis.,-
527,Lissa,does,pass,these,black,oases.,+
528,Lissa,does,pass,this,black,oases.,-
529,Alice,had,embarrassed,this,happy,man.,+
530,Alice,had,embarrassed,these,happy,man.,-
531,Wayne,is,worrying,that,hopeful,child.,+
532,Wayne,is,worrying,those,hopeful,child.,-
533,Lucille,is,biking,to,that,green,oasis.,+
534,Lucille,is,biking,to,those,green,oasis.,-
535,Katherine,hadn't,skated,around,this,white,oasis.,+
536,Katherine,hadn't,skated,around,these,white,oasis.,-
537,James,observed,this,hopeful,child.,+
538,James,observed,these,hopeful,child.,-
539,Gerald,liked,this,big,child.,+
540,Gerald,liked,these,big,child.,-
541,That,committee,wasn't,hiring,this,displeased,alumnus.,+
542,That,committee,wasn't,hiring,these,displeased,alumnus.,-
543,Gary,isn't,breaking,that,white,tooth.,+
544,Gary,isn't,breaking,those,white,tooth.,-
545,Walter,hasn't,seen,those,content,children.,+
546,Walter,hasn't,seen,that,content,children.,-
547,Martha,didn't,clean,these,hidden,teeth.,+
548,Martha,didn't,clean,this,hidden,teeth.,-
549,These,teachers,are,returning,to,those,lost,men.,+
550,These,teachers,are,returning,to,that,lost,men.,-
551,Ellen,hadn't,boycotted,that,hidden,oasis.,+
552,Ellen,hadn't,boycotted,those,hidden,oasis.,-
553,Some,patients,drive,to,these,brown,oases.,+
554,Some,patients,drive,to,this,brown,oases.,-
555,Nina,wasn't,referencing,this,ill,person.,+
556,Nina,wasn't,referencing,these,ill,person.,-
557,Denise,praises,these,fast,children.,+
558,Denise,praises,this,fast,children.,-
559,Most,customers,attack,that,clever,man.,+
560,Most,customers,attack,those,clever,man.,-
561,Every,photograph,looks,like,those,exposed,people.,+
562,Every,photograph,looks,like,that,exposed,people.,-
563,Cindy,shouldn't,cure,that,confident,alumnus.,+
564,Cindy,shouldn't,cure,those,confident,alumnus.,-
565,The,Borgias,reveal,these,blue,feet.,+
566,The,Borgias,reveal,this,blue,feet.,-
567,Ella,lifts,these,exposed,fungi.,+
568,Ella,lifts,this,exposed,fungi.,-
569,The,Lutherans,astound,that,unsure,person.,+
570,The,Lutherans,astound,those,unsure,person.,-
571,These,cakes,bore,that,determined,woman.,+
572,These,cakes,bore,those,determined,woman.,-
573,Nina,lifts,this,orange,cactus.,+
574,Nina,lifts,these,orange,cactus.,-
575,The,actors,kiss,these,unconvinced,children.,+
576,The,actors,kiss,this,unconvinced,children.,-
577,Sharon,dislikes,that,brown,thesis.,+
578,Sharon,dislikes,those,brown,thesis.,-
579,The,customers,sell,these,rough,fungi.,+
580,The,customers,sell,this,rough,fungi.,-
581,Janice,didn't,cure,those,employed,men.,+
582,Janice,didn't,cure,that,employed,men.,-
583,Paula,left,this,uncertain,person.,+
584,Paula,left,these,uncertain,person.,-
585,Those,guys,had,escaped,from,those,employed,children.,+
586,Those,guys,had,escaped,from,that,employed,children.,-
587,Christine,wasn't,touring,that,old,oasis.,+
588,Christine,wasn't,touring,those,old,oasis.,-
589,These,waitresses,praise,this,rough,thesis.,+
590,These,waitresses,praise,these,rough,thesis.,-
591,Some,girls,hadn't,passed,this,concealed,oasis.,+
592,Some,girls,hadn't,passed,these,concealed,oasis.,-
593,Andrea,lifts,these,small,cacti.,+
594,Andrea,lifts,this,small,cacti.,-
595,Kristen,is,scanning,those,bad,synopses.,+
596,Kristen,is,scanning,that,bad,synopses.,-
597,Alan,is,skated,around,these,cheap,oases.,+
598,Alan,is,skated,around,this,cheap,oases.,-
599,Kayla,has,investigated,these,busy,people.,+
600,Kayla,has,investigated,this,busy,people.,-
601,Timothy,observes,that,good,woman.,+
602,Timothy,observes,those,good,woman.,-
603,Every,museum,hadn't,discussed,those,hidden,theses.,+
604,Every,museum,hadn't,discussed,that,hidden,theses.,-
605,Some,cashiers,help,this,troubled,person.,+
606,Some,cashiers,help,these,troubled,person.,-
607,Amanda,was,attacking,that,displeased,woman.,+
608,Amanda,was,attacking,those,displeased,woman.,-
609,This,window,upsets,these,lost,people.,+
610,This,window,upsets,this,lost,people.,-
611,Cindy,wasn't,bringing,those,gray,cacti.,+
612,Cindy,wasn't,bringing,that,gray,cacti.,-
613,Peter,complained,about,these,good,synopses.,+
614,Peter,complained,about,this,good,synopses.,-
615,Danielle,was,touring,those,new,oases.,+
616,Danielle,was,touring,that,new,oases.,-
617,Elaine,discusses,that,standing,person.,+
618,Elaine,discusses,those,standing,person.,-
619,Jacqueline,had,healed,those,rough,geese.,+
620,Jacqueline,had,healed,that,rough,geese.,-
621,All,rivers,were,distracting,those,standing,men.,+
622,All,rivers,were,distracting,that,standing,men.,-
623,Some,people,exit,those,yellow,oases.,+
624,Some,people,exit,that,yellow,oases.,-
625,Becca,isn't,exploring,these,hard,oases.,+
626,Becca,isn't,exploring,this,hard,oases.,-
627,Timothy,revealed,that,big,foot.,+
628,Timothy,revealed,those,big,foot.,-
629,Adam,fires,these,determined,men.,+
630,Adam,fires,this,determined,men.,-
631,The,teenagers,clean,this,purple,foot.,+
632,The,teenagers,clean,these,purple,foot.,-
633,The,Great,Lakes,could,annoy,that,troubled,man.,+
634,The,Great,Lakes,could,annoy,those,troubled,man.,-
635,Karen,discusses,those,bad,men.,+
636,Karen,discusses,that,bad,men.,-
637,Phillip,didn't,find,those,ill,alumni.,+
638,Phillip,didn't,find,that,ill,alumni.,-
639,A,lot,of,men,reference,these,good,analyses.,+
640,A,lot,of,men,reference,this,good,analyses.,-
641,Larry,had,insulted,these,lucky,children.,+
642,Larry,had,insulted,this,lucky,children.,-
643,Debra,is,firing,that,determined,child.,+
644,Debra,is,firing,those,determined,child.,-
645,Noah,was,watching,that,fast,woman.,+
646,Noah,was,watching,those,fast,woman.,-
647,Gina,works,with,that,displeased,person.,+
648,Gina,works,with,those,displeased,person.,-
649,Most,doctors,would,bring,these,big,nuclei.,+
650,Most,doctors,would,bring,this,big,nuclei.,-
651,All,drawings,alarm,that,unconvinced,child.,+
652,All,drawings,alarm,those,unconvinced,child.,-
653,Some,libraries,hate,that,busy,man.,+
654,Some,libraries,hate,those,busy,man.,-
655,Derek,disgusted,that,unemployed,child.,+
656,Derek,disgusted,those,unemployed,child.,-
657,Marla,hadn't,fired,these,good,men.,+
658,Marla,hadn't,fired,this,good,men.,-
659,Carmen,examined,that,red,thesis.,+
660,Carmen,examined,those,red,thesis.,-
661,Amelia,investigates,this,smart,woman.,+
662,Amelia,investigates,these,smart,woman.,-
663,The,Borgias,hire,that,displeased,alumnus.,+
664,The,Borgias,hire,those,displeased,alumnus.,-
665,Stacey,would,arrive,at,these,orange,oases.,+
666,Stacey,would,arrive,at,this,orange,oases.,-
667,Anna,works,with,this,lucky,man.,+
668,Anna,works,with,these,lucky,man.,-
669,Walter,has,scanned,this,rough,thesis.,+
670,Walter,has,scanned,these,rough,thesis.,-
671,Some,mushroom,bothered,that,lucky,woman.,+
672,Some,mushroom,bothered,those,lucky,woman.,-
673,Cynthia,walked,through,this,hard,oasis.,+
674,Cynthia,walked,through,these,hard,oasis.,-
675,Liam,has,healed,these,black,oxen.,+
676,Liam,has,healed,this,black,oxen.,-
677,Andrew,did,notice,these,white,axes.,+
678,Andrew,did,notice,this,white,axes.,-
679,Bethany,kisses,these,serious,alumni.,+
680,Bethany,kisses,this,serious,alumni.,-
681,Vanessa,watches,this,nice,person.,+
682,Vanessa,watches,these,nice,person.,-
683,Every,window,astounded,that,big,man.,+
684,Every,window,astounded,those,big,man.,-
685,Donna,leaves,that,upset,man.,+
686,Donna,leaves,those,upset,man.,-
687,Many,students,drop,by,that,orange,oasis.,+
688,Many,students,drop,by,those,orange,oasis.,-
689,The,sketches,looked,like,this,unsure,man.,+
690,The,sketches,looked,like,these,unsure,man.,-
691,Helen,fixes,that,broken,tooth.,+
692,Helen,fixes,those,broken,tooth.,-
693,Robert,wasn't,annoying,that,old,person.,+
694,Robert,wasn't,annoying,those,old,person.,-
695,Amy,isn't,talking,to,that,young,woman.,+
696,Amy,isn't,talking,to,those,young,woman.,-
697,Alan,hadn't,remembered,these,long,analyses.,+
698,Alan,hadn't,remembered,this,long,analyses.,-
699,Stephen,is,working,with,these,out,in,the,open,women.,+
700,Stephen,is,working,with,this,out,in,the,open,women.,-
701,This,library,had,discussed,these,employed,men.,+
702,This,library,had,discussed,this,employed,men.,-
703,This,teenager,can't,worry,those,delighted,men.,+
704,This,teenager,can't,worry,that,delighted,men.,-
705,Wendy,revealed,that,sick,octopus.,+
706,Wendy,revealed,those,sick,octopus.,-
707,The,Clintons,haven't,worked,with,that,young,person.,+
708,The,Clintons,haven't,worked,with,those,young,person.,-
709,Some,committee,aggravates,this,unconvinced,woman.,+
710,Some,committee,aggravates,these,unconvinced,woman.,-
711,Guy,bored,that,troubled,man.,+
712,Guy,bored,those,troubled,man.,-
713,Every,actress,scanned,those,bad,analyses.,+
714,Every,actress,scanned,that,bad,analyses.,-
715,A,library,alarms,that,determined,child.,+
716,A,library,alarms,those,determined,child.,-
717,Sheila,can't,notice,this,clever,man.,+
718,Sheila,can't,notice,these,clever,man.,-
719,James,forgets,this,fast,alumnus.,+
720,James,forgets,these,fast,alumnus.,-
721,Noah,hasn't,thought,about,these,smooth,lice.,+
722,Noah,hasn't,thought,about,this,smooth,lice.,-
723,Aaron,sees,these,gray,oases.,+
724,Aaron,sees,this,gray,oases.,-
725,Sherry,has,taken,this,standing,goose.,+
726,Sherry,has,taken,these,standing,goose.,-
727,Marie,hasn't,found,those,ill,geese.,+
728,Marie,hasn't,found,that,ill,geese.,-
729,Peter,isn't,arriving,at,that,red,oasis.,+
730,Peter,isn't,arriving,at,those,red,oasis.,-
731,Jill,isn't,boycotting,those,orange,oases.,+
732,Jill,isn't,boycotting,that,orange,oases.,-
733,Julia,messes,up,that,orange,foot.,+
734,Julia,messes,up,those,orange,foot.,-
735,That,hill,didn't,disturb,that,content,woman.,+
736,That,hill,didn't,disturb,those,content,woman.,-
737,Suzanne,has,concealed,that,concealed,man.,+
738,Suzanne,has,concealed,those,concealed,man.,-
739,Alicia,sells,that,orange,octopus.,+
740,Alicia,sells,those,orange,octopus.,-
741,Leslie,has,discussed,that,delighted,child.,+
742,Leslie,has,discussed,those,delighted,child.,-
743,Andrea,could,like,these,white,lice.,+
744,Andrea,could,like,this,white,lice.,-
745,Most,children,break,those,rough,teeth.,+
746,Most,children,break,that,rough,teeth.,-
747,Richard,did,work,with,this,clever,child.,+
748,Richard,did,work,with,these,clever,child.,-
749,Anne,hugs,this,unemployed,woman.,+
750,Anne,hugs,these,unemployed,woman.,-
751,Those,actors,attack,that,excited,child.,+
752,Those,actors,attack,those,excited,child.,-
753,Bruce,was,hugging,that,unconvinced,man.,+
754,Bruce,was,hugging,those,unconvinced,man.,-
755,Patrick,hasn't,hidden,this,orange,oasis.,+
756,Patrick,hasn't,hidden,these,orange,oasis.,-
757,Alicia,hadn't,discussed,that,uncertain,person.,+
758,Alicia,hadn't,discussed,those,uncertain,person.,-
759,Susan,wasn't,talking,to,those,confident,men.,+
760,Susan,wasn't,talking,to,that,confident,men.,-
761,Cheryl,will,scan,that,good,synopsis.,+
762,Cheryl,will,scan,those,good,synopsis.,-
763,Tamara,kissed,that,unsure,man.,+
764,Tamara,kissed,those,unsure,man.,-
765,Craig,boasts,about,those,bad,analyses.,+
766,Craig,boasts,about,that,bad,analyses.,-
767,Randolf,hadn't,hugged,those,serious,people.,+
768,Randolf,hadn't,hugged,that,serious,people.,-
769,Many,doctors,cure,these,exposed,men.,+
770,Many,doctors,cure,this,exposed,men.,-
771,Women,criticized,those,smooth,theses.,+
772,Women,criticized,that,smooth,theses.,-
773,Some,light,disturbs,that,old,person.,+
774,Some,light,disturbs,those,old,person.,-
775,Carol,was,questioning,this,big,man.,+
776,Carol,was,questioning,these,big,man.,-
777,Sara,has,gone,to,that,old,oasis.,+
778,Sara,has,gone,to,those,old,oasis.,-
779,Steven,brought,these,red,oases.,+
780,Steven,brought,this,red,oases.,-
781,Diana,will,disgust,these,ill,children.,+
782,Diana,will,disgust,this,ill,children.,-
783,Steven,disturbs,these,sick,alumni.,+
784,Steven,disturbs,this,sick,alumni.,-
785,Angela,wasn't,lifting,these,blue,feet.,+
786,Angela,wasn't,lifting,this,blue,feet.,-
787,Sharon,hasn't,stunned,that,unsure,child.,+
788,Sharon,hasn't,stunned,those,unsure,child.,-
789,These,girls,question,that,concealed,man.,+
790,These,girls,question,those,concealed,man.,-
791,Martha,wasn't,kissing,this,unemployed,man.,+
792,Martha,wasn't,kissing,these,unemployed,man.,-
793,Kendra,isn't,working,with,this,excited,child.,+
794,Kendra,isn't,working,with,these,excited,child.,-
795,All,actresses,praise,this,hard,thesis.,+
796,All,actresses,praise,these,hard,thesis.,-
797,David,cleans,that,hard,tooth.,+
798,David,cleans,those,hard,tooth.,-
799,Julia,sounded,like,this,uncertain,person.,+
800,Julia,sounded,like,these,uncertain,person.,-
801,Those,actors,attacked,that,happy,alumnus.,+
802,Those,actors,attacked,those,happy,alumnus.,-
803,Eva,hadn't,admired,these,black,fungi.,+
804,Eva,hadn't,admired,this,black,fungi.,-
805,Many,chairs,aren't,disgusting,this,unlucky,child.,+
806,Many,chairs,aren't,disgusting,these,unlucky,child.,-
807,Those,waiters,break,these,rough,teeth.,+
808,Those,waiters,break,this,rough,teeth.,-
809,Becca,leaves,this,uncertain,child.,+
810,Becca,leaves,these,uncertain,child.,-
811,Some,steak,disturbs,these,displeased,children.,+
812,Some,steak,disturbs,this,displeased,children.,-
813,Christine,wouldn't,conceal,this,lost,stimulus.,+
814,Christine,wouldn't,conceal,these,lost,stimulus.,-
815,Every,face,irritates,those,unemployed,alumni.,+
816,Every,face,irritates,that,unemployed,alumni.,-
817,Susan,noticed,that,unlucky,person.,+
818,Susan,noticed,those,unlucky,person.,-
819,Some,women,drop,by,those,concealed,oases.,+
820,Some,women,drop,by,that,concealed,oases.,-
821,The,Clintons,disagree,with,these,serious,men.,+
822,The,Clintons,disagree,with,this,serious,men.,-
823,Phillip,discovers,these,busy,women.,+
824,Phillip,discovers,this,busy,women.,-
825,Waiters,investigate,that,hopeful,woman.,+
826,Waiters,investigate,those,hopeful,woman.,-
827,Regina,hasn't,found,these,white,nuclei.,+
828,Regina,hasn't,found,this,white,nuclei.,-
829,Irene,scanned,those,purple,theses.,+
830,Irene,scanned,that,purple,theses.,-
831,A,bank,references,those,popular,people.,+
832,A,bank,references,that,popular,people.,-
833,Vincent,tours,this,old,oasis.,+
834,Vincent,tours,these,old,oasis.,-
835,Alicia,kisses,that,standing,woman.,+
836,Alicia,kisses,those,standing,woman.,-
837,Some,candles,aren't,boring,those,displeased,men.,+
838,Some,candles,aren't,boring,that,displeased,men.,-
839,That,teenager,does,care,for,this,old,alumnus.,+
840,That,teenager,does,care,for,these,old,alumnus.,-
841,A,lot,of,drawings,weren't,alarming,that,displeased,man.,+
842,A,lot,of,drawings,weren't,alarming,those,displeased,man.,-
843,That,face,astounded,that,important,woman.,+
844,That,face,astounded,those,important,woman.,-
845,Tiffany,had,approached,these,unemployed,people.,+
846,Tiffany,had,approached,this,unemployed,people.,-
847,Christina,is,passing,these,rough,oases.,+
848,Christina,is,passing,this,rough,oases.,-
849,Debra,was,praising,those,busy,people.,+
850,Debra,was,praising,that,busy,people.,-
851,The,doctors,didn't,care,for,these,scared,children.,+
852,The,doctors,didn't,care,for,this,scared,children.,-
853,Those,ladders,stun,these,small,people.,+
854,Those,ladders,stun,this,small,people.,-
855,Samuel,isn't,distracting,these,clever,women.,+
856,Samuel,isn't,distracting,this,clever,women.,-
857,Lucille,dropped,by,those,new,oases.,+
858,Lucille,dropped,by,that,new,oases.,-
859,A,legislature,should,aggravate,that,busy,child.,+
860,A,legislature,should,aggravate,those,busy,child.,-
861,Larry,observed,that,lucky,child.,+
862,Larry,observed,those,lucky,child.,-
863,Lawrence,wasn't,approaching,those,troubled,children.,+
864,Lawrence,wasn't,approaching,that,troubled,children.,-
865,Most,libraries,describe,those,delighted,men.,+
866,Most,libraries,describe,that,delighted,men.,-
867,The,Impressionists,alarms,that,sick,child.,+
868,The,Impressionists,alarms,those,sick,child.,-
869,A,lot,of,children,have,this,exposed,axis.,+
870,A,lot,of,children,have,these,exposed,axis.,-
871,Melissa,couldn't,reveal,that,small,man.,+
872,Melissa,couldn't,reveal,those,small,man.,-
873,These,carriages,won't,impress,those,bad,men.,+
874,These,carriages,won't,impress,that,bad,men.,-
875,Many,girls,drop,by,that,red,oasis.,+
876,Many,girls,drop,by,those,red,oasis.,-
877,The,Impressionists,fled,from,this,small,woman.,+
878,The,Impressionists,fled,from,these,small,woman.,-
879,Ann,arrived,at,that,blue,oasis.,+
880,Ann,arrived,at,those,blue,oasis.,-
881,The,sock,isn't,disturbing,those,lucky,children.,+
882,The,sock,isn't,disturbing,that,lucky,children.,-
883,Those,socks,were,shocking,those,unlucky,men.,+
884,Those,socks,were,shocking,that,unlucky,men.,-
885,Christine,wasn't,walking,through,those,cheap,oases.,+
886,Christine,wasn't,walking,through,that,cheap,oases.,-
887,Mary,appreciates,those,content,women.,+
888,Mary,appreciates,that,content,women.,-
889,That,lady,didn't,question,this,ill,person.,+
890,That,lady,didn't,question,these,ill,person.,-
891,Most,birds,annoy,this,young,woman.,+
892,Most,birds,annoy,these,young,woman.,-
893,Amelia,is,kissing,these,content,men.,+
894,Amelia,is,kissing,this,content,men.,-
895,Judy,isn't,taking,those,standing,oxen.,+
896,Judy,isn't,taking,that,standing,oxen.,-
897,Irene,is,discussing,those,clever,alumni.,+
898,Irene,is,discussing,that,clever,alumni.,-
899,Danielle,could,describe,these,long,analyses.,+
900,Danielle,could,describe,this,long,analyses.,-
901,Eva,hasn't,praised,that,lucky,woman.,+
902,Eva,hasn't,praised,those,lucky,woman.,-
903,Grace,might,observe,that,unlucky,woman.,+
904,Grace,might,observe,those,unlucky,woman.,-
905,The,Clintons,bothered,these,clever,people.,+
906,The,Clintons,bothered,this,clever,people.,-
907,April,hadn't,embarrassed,those,employed,alumni.,+
908,April,hadn't,embarrassed,that,employed,alumni.,-
909,Marie,shouldn't,forget,that,happy,man.,+
910,Marie,shouldn't,forget,those,happy,man.,-
911,Renee,isn't,breaking,that,cheap,foot.,+
912,Renee,isn't,breaking,those,cheap,foot.,-
913,Monica,shouldn't,sell,those,new,oases.,+
914,Monica,shouldn't,sell,that,new,oases.,-
915,Every,dancer,has,returned,to,that,troubled,man.,+
916,Every,dancer,has,returned,to,those,troubled,man.,-
917,Those,dancers,break,those,green,teeth.,+
918,Those,dancers,break,that,green,teeth.,-
919,These,teachers,talk,about,these,fast,women.,+
920,These,teachers,talk,about,this,fast,women.,-
921,Spain,hasn't,praised,that,happy,man.,+
922,Spain,hasn't,praised,those,happy,man.,-
923,Monica,does,kiss,those,good,people.,+
924,Monica,does,kiss,that,good,people.,-
925,Benjamin,can,boast,about,those,busy,men.,+
926,Benjamin,can,boast,about,that,busy,men.,-
927,Donald,conceals,this,lost,nucleus.,+
928,Donald,conceals,these,lost,nucleus.,-
929,Gregory,was,embarrassing,this,big,woman.,+
930,Gregory,was,embarrassing,these,big,woman.,-
931,The,waiter,wasn't,stunning,that,hidden,child.,+
932,The,waiter,wasn't,stunning,those,hidden,child.,-
933,A,lot,of,photographs,haven't,looked,like,this,red,stimulus.,+
934,A,lot,of,photographs,haven't,looked,like,these,red,stimulus.,-
935,A,patient,fixed,those,cheap,feet.,+
936,A,patient,fixed,that,cheap,feet.,-
937,Many,gates,shouldn't,astound,these,unsure,alumni.,+
938,Many,gates,shouldn't,astound,this,unsure,alumni.,-
939,That,picture,hasn't,looked,like,these,big,men.,+
940,That,picture,hasn't,looked,like,this,big,men.,-
941,These,waitresses,talk,about,this,hidden,thesis.,+
942,These,waitresses,talk,about,these,hidden,thesis.,-
943,Stacy,concealed,those,gray,axes.,+
944,Stacy,concealed,that,gray,axes.,-
945,Nicole,remembers,those,serious,alumni.,+
946,Nicole,remembers,that,serious,alumni.,-
947,Leslie,hadn't,gone,to,that,small,oasis.,+
948,Leslie,hadn't,gone,to,those,small,oasis.,-
949,Joel,wasn't,praising,this,ill,person.,+
950,Joel,wasn't,praising,these,ill,person.,-
951,These,drivers,embarrasses,this,young,alumnus.,+
952,These,drivers,embarrasses,these,young,alumnus.,-
953,Beef,bores,that,delighted,woman.,+
954,Beef,bores,those,delighted,woman.,-
955,Mitchell,goes,to,this,gray,oasis.,+
956,Mitchell,goes,to,these,gray,oasis.,-
957,The,mouth,bores,these,upset,men.,+
958,The,mouth,bores,this,upset,men.,-
959,Most,legislatures,discuss,those,good,people.,+
960,Most,legislatures,discuss,that,good,people.,-
961,The,boys,mess,up,those,purple,feet.,+
962,The,boys,mess,up,that,purple,feet.,-
963,Cashiers,describe,these,fast,children.,+
964,Cashiers,describe,this,fast,children.,-
965,Roger,has,fired,those,unconvinced,men.,+
966,Roger,has,fired,that,unconvinced,men.,-
967,Amy,wasn't,kissing,this,content,man.,+
968,Amy,wasn't,kissing,these,content,man.,-
969,Every,dancer,hadn't,praised,those,good,analyses.,+
970,Every,dancer,hadn't,praised,that,good,analyses.,-
971,Rhonda,wasn't,hiding,those,red,mice.,+
972,Rhonda,wasn't,hiding,that,red,mice.,-
973,Every,pedestrian,talks,about,that,bad,synopsis.,+
974,Every,pedestrian,talks,about,those,bad,synopsis.,-
975,The,fish,shocks,these,old,alumni.,+
976,The,fish,shocks,this,old,alumni.,-
977,Those,waitresses,visited,those,scared,alumni.,+
978,Those,waitresses,visited,that,scared,alumni.,-
979,That,library,was,listening,to,this,nice,man.,+
980,That,library,was,listening,to,these,nice,man.,-
981,Steve,wasn't,bringing,that,blue,stimulus.,+
982,Steve,wasn't,bringing,those,blue,stimulus.,-
983,Some,guest,was,hiring,that,scared,woman.,+
984,Some,guest,was,hiring,those,scared,woman.,-
985,The,spotlights,upset,this,unconvinced,alumnus.,+
986,The,spotlights,upset,these,unconvinced,alumnus.,-
987,Todd,might,observe,this,lost,man.,+
988,Todd,might,observe,these,lost,man.,-
989,People,could,describe,that,unconvinced,person.,+
990,People,could,describe,those,unconvinced,person.,-
991,That,waiter,had,astounded,these,lucky,people.,+
992,That,waiter,had,astounded,this,lucky,people.,-
993,Kendra,disgusted,these,confident,women.,+
994,Kendra,disgusted,this,confident,women.,-
995,Spain,hasn't,annoyed,those,old,people.,+
996,Spain,hasn't,annoyed,that,old,people.,-
997,Steve,kisses,these,out,in,the,open,people.,+
998,Steve,kisses,this,out,in,the,open,people.,-
999,Wayne,kissed,those,unconvinced,men.,+
1000,Wayne,kissed,that,unconvinced,men.,-
1001,Douglas,has,brought,those,lost,cacti.,+
1002,Douglas,has,brought,that,lost,cacti.,-
1003,Tammy,can't,reveal,that,big,alumnus.,+
1004,Tammy,can't,reveal,those,big,alumnus.,-
1005,Deborah,fled,from,those,standing,children.,+
1006,Deborah,fled,from,that,standing,children.,-
1007,A,man,wasn't,cleaning,that,hard,fungus.,+
1008,A,man,wasn't,cleaning,those,hard,fungus.,-
1009,Danielle,has,broken,those,gray,teeth.,+
1010,Danielle,has,broken,that,gray,teeth.,-
1011,Derek,praised,this,big,thesis.,+
1012,Derek,praised,these,big,thesis.,-
1013,Gary,has,disgusted,those,unsure,people.,+
1014,Gary,has,disgusted,that,unsure,people.,-
1015,A,senator,insulted,this,bad,synopsis.,+
1016,A,senator,insulted,these,bad,synopsis.,-
1017,A,lot,of,drivers,visit,these,purple,oases.,+
1018,A,lot,of,drivers,visit,this,purple,oases.,-
1019,Richard,isn't,attacking,this,fast,child.,+
1020,Richard,isn't,attacking,these,fast,child.,-
1021,Frank,shocked,that,unsure,man.,+
1022,Frank,shocked,those,unsure,man.,-
1023,Brett,returned,to,that,confident,man.,+
1024,Brett,returned,to,those,confident,man.,-
1025,Many,ladies,weren't,passing,these,old,oases.,+
1026,Many,ladies,weren't,passing,this,old,oases.,-
1027,A,waiter,brought,those,purple,teeth.,+
1028,A,waiter,brought,that,purple,teeth.,-
1029,Beverly,has,fired,this,fast,alumnus.,+
1030,Beverly,has,fired,these,fast,alumnus.,-
1031,Men,haven't,observed,that,standing,man.,+
1032,Men,haven't,observed,those,standing,man.,-
1033,Tiffany,admired,this,ill,child.,+
1034,Tiffany,admired,these,ill,child.,-
1035,That,patient,didn't,love,that,unemployed,alumnus.,+
1036,That,patient,didn't,love,those,unemployed,alumnus.,-
1037,Aaron,reveals,that,red,tooth.,+
1038,Aaron,reveals,those,red,tooth.,-
1039,Monica,was,insulting,those,bad,people.,+
1040,Monica,was,insulting,that,bad,people.,-
1041,These,teenagers,watch,that,old,alumnus.,+
1042,These,teenagers,watch,those,old,alumnus.,-
1043,Tina,might,confuse,this,exposed,child.,+
1044,Tina,might,confuse,these,exposed,child.,-
1045,A,face,was,confusing,that,nice,woman.,+
1046,A,face,was,confusing,those,nice,woman.,-
1047,An,adult,researches,that,good,analysis.,+
1048,An,adult,researches,those,good,analysis.,-
1049,Some,broccoli,isn't,annoying,these,unconvinced,women.,+
1050,Some,broccoli,isn't,annoying,this,unconvinced,women.,-
1051,Nancy,talks,about,these,content,children.,+
1052,Nancy,talks,about,this,content,children.,-
1053,Regina,found,this,lost,ox.,+
1054,Regina,found,these,lost,ox.,-
1055,Emily,had,respected,that,clever,man.,+
1056,Emily,had,respected,those,clever,man.,-
1057,Kathleen,has,worked,with,this,confident,man.,+
1058,Kathleen,has,worked,with,these,confident,man.,-
1059,Most,customers,are,distracting,these,determined,children.,+
1060,Most,customers,are,distracting,this,determined,children.,-
1061,Rachelle,didn't,cure,this,black,octopus.,+
1062,Rachelle,didn't,cure,these,black,octopus.,-
1063,Steven,hugs,these,standing,men.,+
1064,Steven,hugs,this,standing,men.,-
1065,Every,popsicle,shocked,those,excited,men.,+
1066,Every,popsicle,shocked,that,excited,men.,-
1067,Sonia,lifts,that,new,oasis.,+
1068,Sonia,lifts,those,new,oasis.,-
1069,Cheryl,might,tour,that,purple,oasis.,+
1070,Cheryl,might,tour,those,purple,oasis.,-
1071,This,doctor,appreciates,this,bad,child.,+
1072,This,doctor,appreciates,these,bad,child.,-
1073,Leslie,breaks,those,red,feet.,+
1074,Leslie,breaks,that,red,feet.,-
1075,Bethany,hasn't,hidden,that,yellow,louse.,+
1076,Bethany,hasn't,hidden,those,yellow,louse.,-
1077,Some,people,have,criticized,this,brown,thesis.,+
1078,Some,people,have,criticized,these,brown,thesis.,-
1079,Noah,heals,this,determined,child.,+
1080,Noah,heals,these,determined,child.,-
1081,Kevin,biked,to,those,big,oases.,+
1082,Kevin,biked,to,that,big,oases.,-
1083,Wayne,hadn't,bored,these,sick,men.,+
1084,Wayne,hadn't,bored,this,sick,men.,-
1085,Amy,returns,to,those,young,alumni.,+
1086,Amy,returns,to,that,young,alumni.,-
1087,That,gate,did,aggravate,this,excited,woman.,+
1088,That,gate,did,aggravate,these,excited,woman.,-
1089,Melissa,observes,that,bad,child.,+
1090,Melissa,observes,those,bad,child.,-
1091,Kathleen,wasn't,scanning,those,long,synopses.,+
1092,Kathleen,wasn't,scanning,that,long,synopses.,-
1093,That,guy,dropped,by,these,white,oases.,+
1094,That,guy,dropped,by,this,white,oases.,-
1095,Every,child,might,fire,this,serious,child.,+
1096,Every,child,might,fire,these,serious,child.,-
1097,Meredith,had,concealed,that,black,thesis.,+
1098,Meredith,had,concealed,those,black,thesis.,-
1099,Randolf,didn't,see,these,blue,teeth.,+
1100,Randolf,didn't,see,this,blue,teeth.,-
1101,Some,guy,passes,that,rough,oasis.,+
1102,Some,guy,passes,those,rough,oasis.,-
1103,Guys,hurts,that,smart,man.,+
1104,Guys,hurts,those,smart,man.,-
1105,Many,museums,should,describe,this,fast,man.,+
1106,Many,museums,should,describe,these,fast,man.,-
1107,A,lot,of,chairs,haven't,embarrassed,this,serious,man.,+
1108,A,lot,of,chairs,haven't,embarrassed,these,serious,man.,-
1109,Emily,talked,about,that,ill,alumnus.,+
1110,Emily,talked,about,those,ill,alumnus.,-
1111,A,lot,of,girls,notice,these,black,lice.,+
1112,A,lot,of,girls,notice,this,black,lice.,-
1113,Those,schools,reference,that,green,thesis.,+
1114,Those,schools,reference,those,green,thesis.,-
1115,Bradley,had,bored,this,delighted,alumnus.,+
1116,Bradley,had,bored,these,delighted,alumnus.,-
1117,Melinda,scares,this,good,woman.,+
1118,Melinda,scares,these,good,woman.,-
1119,Those,pedestrians,go,to,those,big,oases.,+
1120,Those,pedestrians,go,to,that,big,oases.,-
1121,Many,doctors,escaped,from,that,lost,child.,+
1122,Many,doctors,escaped,from,those,lost,child.,-
1123,Tamara,isn't,revealing,that,orange,ox.,+
1124,Tamara,isn't,revealing,those,orange,ox.,-
1125,Many,patients,arrive,at,that,hidden,oasis.,+
1126,Many,patients,arrive,at,those,hidden,oasis.,-
1127,Beth,leaves,these,happy,children.,+
1128,Beth,leaves,this,happy,children.,-
1129,Deanna,broke,that,yellow,foot.,+
1130,Deanna,broke,those,yellow,foot.,-
1131,Jessica,had,talked,to,that,concealed,man.,+
1132,Jessica,had,talked,to,those,concealed,man.,-
1133,Those,actors,praise,those,long,synopses.,+
1134,Those,actors,praise,that,long,synopses.,-
1135,This,coat,hasn't,astounded,these,popular,men.,+
1136,This,coat,hasn't,astounded,this,popular,men.,-
1137,Wendy,does,talk,to,this,scared,alumnus.,+
1138,Wendy,does,talk,to,these,scared,alumnus.,-
1139,Christine,is,questioning,these,happy,men.,+
1140,Christine,is,questioning,this,happy,men.,-
1141,All,doctors,loved,that,displeased,man.,+
1142,All,doctors,loved,those,displeased,man.,-
1143,Waitresses,researched,these,long,synopses.,+
1144,Waitresses,researched,this,long,synopses.,-
1145,Alexander,can,flee,from,this,nice,woman.,+
1146,Alexander,can,flee,from,these,nice,woman.,-
1147,Walter,hadn't,hated,this,fast,man.,+
1148,Walter,hadn't,hated,these,fast,man.,-
1149,Those,cashiers,buy,those,smooth,lice.,+
1150,Those,cashiers,buy,that,smooth,lice.,-
1151,Sonia,hid,that,determined,child.,+
1152,Sonia,hid,those,determined,child.,-
1153,Barbara,is,observing,that,excited,person.,+
1154,Barbara,is,observing,those,excited,person.,-
1155,That,company,stuns,these,unconvinced,women.,+
1156,That,company,stuns,this,unconvinced,women.,-
1157,Paul,thought,about,those,bad,theses.,+
1158,Paul,thought,about,that,bad,theses.,-
1159,Victoria,escaped,from,these,displeased,children.,+
1160,Victoria,escaped,from,this,displeased,children.,-
1161,Brad,notices,this,big,octopus.,+
1162,Brad,notices,these,big,octopus.,-
1163,Adam,is,praising,those,yellow,theses.,+
1164,Adam,is,praising,that,yellow,theses.,-
1165,Douglas,did,tour,those,hidden,oases.,+
1166,Douglas,did,tour,that,hidden,oases.,-
1167,Gerald,couldn't,know,these,happy,men.,+
1168,Gerald,couldn't,know,this,happy,men.,-
1169,Those,women,hug,that,smart,man.,+
1170,Those,women,hug,those,smart,man.,-
1171,These,senators,wouldn't,forget,that,long,synopsis.,+
1172,These,senators,wouldn't,forget,those,long,synopsis.,-
1173,Edward,took,those,lost,stimuli.,+
1174,Edward,took,that,lost,stimuli.,-
1175,The,waitresses,did,know,this,lucky,person.,+
1176,The,waitresses,did,know,these,lucky,person.,-
1177,That,library,might,love,this,important,person.,+
1178,That,library,might,love,these,important,person.,-
1179,Carrie,was,healing,this,gray,octopus.,+
1180,Carrie,was,healing,these,gray,octopus.,-
1181,Sonia,hadn't,cleaned,those,gray,teeth.,+
1182,Sonia,hadn't,cleaned,that,gray,teeth.,-
1183,The,Lutherans,alarmed,this,confident,woman.,+
1184,The,Lutherans,alarmed,these,confident,woman.,-
1185,This,shirt,impressed,those,popular,people.,+
1186,This,shirt,impressed,that,popular,people.,-
1187,Some,schools,love,that,employed,person.,+
1188,Some,schools,love,those,employed,person.,-
1189,Valerie,hasn't,known,this,young,child.,+
1190,Valerie,hasn't,known,these,young,child.,-
1191,Scott,respected,those,displeased,men.,+
1192,Scott,respected,that,displeased,men.,-
1193,The,ladies,work,with,those,lost,children.,+
1194,The,ladies,work,with,that,lost,children.,-
1195,Dawn,had,biked,to,this,small,oasis.,+
1196,Dawn,had,biked,to,these,small,oasis.,-
1197,Samantha,would,explore,that,gray,oasis.,+
1198,Samantha,would,explore,those,gray,oasis.,-
1199,All,steps,upset,those,unemployed,men.,+
1200,All,steps,upset,that,unemployed,men.,-
1201,Marla,has,described,that,unemployed,woman.,+
1202,Marla,has,described,those,unemployed,woman.,-
1203,Most,universities,bore,those,excited,children.,+
1204,Most,universities,bore,that,excited,children.,-
1205,These,banks,should,reference,that,purple,thesis.,+
1206,These,banks,should,reference,those,purple,thesis.,-
1207,Sherry,brought,those,concealed,geese.,+
1208,Sherry,brought,that,concealed,geese.,-
1209,Many,pedestrians,complain,about,these,long,analyses.,+
1210,Many,pedestrians,complain,about,this,long,analyses.,-
1211,Theresa,fixed,these,small,teeth.,+
1212,Theresa,fixed,this,small,teeth.,-
1213,This,lake,disturbed,those,unconvinced,men.,+
1214,This,lake,disturbed,that,unconvinced,men.,-
1215,Catherine,was,talking,about,those,bad,synopses.,+
1216,Catherine,was,talking,about,that,bad,synopses.,-
1217,Alicia,had,escaped,from,these,hidden,men.,+
1218,Alicia,had,escaped,from,this,hidden,men.,-
1219,Natalie,hasn't,worked,with,this,confident,woman.,+
1220,Natalie,hasn't,worked,with,these,confident,woman.,-
1221,Amelia,annoyed,this,smart,man.,+
1222,Amelia,annoyed,these,smart,man.,-
1223,Every,guest,is,irritating,this,serious,child.,+
1224,Every,guest,is,irritating,these,serious,child.,-
1225,All,reports,annoyed,this,hopeful,person.,+
1226,All,reports,annoyed,these,hopeful,person.,-
1227,These,women,break,those,orange,teeth.,+
1228,These,women,break,that,orange,teeth.,-
1229,Christopher,could,shock,this,excited,child.,+
1230,Christopher,could,shock,these,excited,child.,-
1231,This,spotlight,hasn't,disgusted,that,employed,child.,+
1232,This,spotlight,hasn't,disgusted,those,employed,child.,-
1233,Samantha,fled,from,that,busy,child.,+
1234,Samantha,fled,from,those,busy,child.,-
1235,Lucille,arrived,at,that,hard,oasis.,+
1236,Lucille,arrived,at,those,hard,oasis.,-
1237,All,teachers,see,those,yellow,lice.,+
1238,All,teachers,see,that,yellow,lice.,-
1239,Some,photographs,haven't,looked,like,these,small,octopi.,+
1240,Some,photographs,haven't,looked,like,this,small,octopi.,-
1241,Danielle,brought,those,blue,feet.,+
1242,Danielle,brought,that,blue,feet.,-
1243,Todd,hadn't,left,those,exposed,men.,+
1244,Todd,hadn't,left,that,exposed,men.,-
1245,Some,doctors,embarrasses,those,delighted,alumni.,+
1246,Some,doctors,embarrasses,that,delighted,alumni.,-
1247,The,actresses,forget,that,unemployed,alumnus.,+
1248,The,actresses,forget,those,unemployed,alumnus.,-
1249,A,lot,of,socks,alarm,this,unsure,alumnus.,+
1250,A,lot,of,socks,alarm,these,unsure,alumnus.,-
1251,The,customers,are,thinking,about,that,busy,child.,+
1252,The,customers,are,thinking,about,those,busy,child.,-
1253,Kristin,wasn't,kissing,those,small,men.,+
1254,Kristin,wasn't,kissing,that,small,men.,-
1255,Omar,hasn't,broken,this,broken,foot.,+
1256,Omar,hasn't,broken,these,broken,foot.,-
1257,The,actress,worked,with,this,nice,woman.,+
1258,The,actress,worked,with,these,nice,woman.,-
1259,Patients,insult,these,happy,people.,+
1260,Patients,insult,this,happy,people.,-
1261,Spain,bought,those,orange,lice.,+
1262,Spain,bought,that,orange,lice.,-
1263,Those,waiters,didn't,kiss,this,unlucky,child.,+
1264,Those,waiters,didn't,kiss,these,unlucky,child.,-
1265,Jennifer,isn't,touring,these,old,oases.,+
1266,Jennifer,isn't,touring,this,old,oases.,-
1267,Glaciers,upset,this,small,child.,+
1268,Glaciers,upset,these,small,child.,-
1269,John,investigated,these,old,men.,+
1270,John,investigated,this,old,men.,-
1271,Some,doctors,hated,these,yellow,theses.,+
1272,Some,doctors,hated,this,yellow,theses.,-
1273,Linda,described,that,clever,man.,+
1274,Linda,described,those,clever,man.,-
1275,Many,drawings,are,looking,like,these,excited,women.,+
1276,Many,drawings,are,looking,like,this,excited,women.,-
1277,Mitchell,had,concealed,that,small,tooth.,+
1278,Mitchell,had,concealed,those,small,tooth.,-
1279,Every,dog,had,irritated,this,young,child.,+
1280,Every,dog,had,irritated,these,young,child.,-
1281,Some,doctors,lift,this,exposed,ox.,+
1282,Some,doctors,lift,these,exposed,ox.,-
1283,Valerie,was,disgusting,that,happy,woman.,+
1284,Valerie,was,disgusting,those,happy,woman.,-
1285,Claire,hugs,those,clever,men.,+
1286,Claire,hugs,that,clever,men.,-
1287,All,adults,go,to,these,white,oases.,+
1288,All,adults,go,to,this,white,oases.,-
1289,Bill,observed,this,nice,child.,+
1290,Bill,observed,these,nice,child.,-
1291,Diana,kissed,these,delighted,alumni.,+
1292,Diana,kissed,this,delighted,alumni.,-
1293,Governments,are,describing,those,sick,people.,+
1294,Governments,are,describing,that,sick,people.,-
1295,The,doctors,cure,that,young,woman.,+
1296,The,doctors,cure,those,young,woman.,-
1297,Dancers,did,disagree,with,this,ill,child.,+
1298,Dancers,did,disagree,with,these,ill,child.,-
1299,Veronica,couldn't,embarrass,these,exposed,men.,+
1300,Veronica,couldn't,embarrass,this,exposed,men.,-
1301,The,students,cared,for,that,delighted,man.,+
1302,The,students,cared,for,those,delighted,man.,-
1303,Steve,conceals,these,important,men.,+
1304,Steve,conceals,this,important,men.,-
1305,These,actresses,will,talk,to,these,content,men.,+
1306,These,actresses,will,talk,to,this,content,men.,-
1307,That,teenager,wouldn't,buy,these,rough,oxen.,+
1308,That,teenager,wouldn't,buy,this,rough,oxen.,-
1309,Sheila,wouldn't,kiss,that,happy,child.,+
1310,Sheila,wouldn't,kiss,those,happy,child.,-
1311,Erin,drove,to,these,out,in,the,open,oases.,+
1312,Erin,drove,to,this,out,in,the,open,oases.,-
1313,Every,hat,has,embarrassed,those,hopeful,people.,+
1314,Every,hat,has,embarrassed,that,hopeful,people.,-
1315,Every,man,is,fleeing,from,that,exposed,oasis.,+
1316,Every,man,is,fleeing,from,those,exposed,oasis.,-
1317,Some,adults,visit,this,ill,man.,+
1318,Some,adults,visit,these,ill,man.,-
1319,Janet,did,lift,that,good,thesis.,+
1320,Janet,did,lift,those,good,thesis.,-
1321,Katherine,was,cleaning,this,orange,tooth.,+
1322,Katherine,was,cleaning,these,orange,tooth.,-
1323,A,lot,of,tomatoes,can't,confuse,these,ill,alumni.,+
1324,A,lot,of,tomatoes,can't,confuse,this,ill,alumni.,-
1325,Rose,goes,to,those,out,in,the,open,oases.,+
1326,Rose,goes,to,that,out,in,the,open,oases.,-
1327,These,governments,criticize,those,gray,oases.,+
1328,These,governments,criticize,that,gray,oases.,-
1329,Kevin,forgot,those,delighted,men.,+
1330,Kevin,forgot,that,delighted,men.,-
1331,Most,companies,describe,that,long,analysis.,+
1332,Most,companies,describe,those,long,analysis.,-
1333,Vincent,was,skated,around,this,small,oasis.,+
1334,Vincent,was,skated,around,these,small,oasis.,-
1335,Many,guys,arrive,at,these,out,in,the,open,oases.,+
1336,Many,guys,arrive,at,this,out,in,the,open,oases.,-
1337,Gregory,hadn't,revealed,these,lost,fungi.,+
1338,Gregory,hadn't,revealed,this,lost,fungi.,-
1339,The,cake,stuns,this,standing,man.,+
1340,The,cake,stuns,these,standing,man.,-
1341,Cheryl,isn't,irritating,that,clever,man.,+
1342,Cheryl,isn't,irritating,those,clever,man.,-
1343,Some,cat,bores,those,old,children.,+
1344,Some,cat,bores,that,old,children.,-
1345,The,actress,knows,that,delighted,child.,+
1346,The,actress,knows,those,delighted,child.,-
1347,That,actress,had,driven,to,these,hidden,oases.,+
1348,That,actress,had,driven,to,this,hidden,oases.,-
1349,The,Lutherans,arrive,at,this,cheap,oasis.,+
1350,The,Lutherans,arrive,at,these,cheap,oasis.,-
1351,Diane,was,kissing,those,lost,women.,+
1352,Diane,was,kissing,that,lost,women.,-
1353,Larry,disturbs,this,employed,woman.,+
1354,Larry,disturbs,these,employed,woman.,-
1355,Pies,shock,this,upset,woman.,+
1356,Pies,shock,these,upset,woman.,-
1357,Some,waiters,hug,this,content,alumnus.,+
1358,Some,waiters,hug,these,content,alumnus.,-
1359,Anna,talked,to,those,unsure,men.,+
1360,Anna,talked,to,that,unsure,men.,-
1361,This,school,bores,this,determined,man.,+
1362,This,school,bores,these,determined,man.,-
1363,Omar,had,thought,about,these,unemployed,men.,+
1364,Omar,had,thought,about,this,unemployed,men.,-
1365,Winston,Churchill,cleaned,these,big,nuclei.,+
1366,Winston,Churchill,cleaned,this,big,nuclei.,-
1367,These,organizations,aren't,concealing,that,exposed,child.,+
1368,These,organizations,aren't,concealing,those,exposed,child.,-
1369,Erin,bought,this,concealed,axis.,+
1370,Erin,bought,these,concealed,axis.,-
1371,Dan,examines,this,long,analysis.,+
1372,Dan,examines,these,long,analysis.,-
1373,These,drivers,concealed,these,gray,oxen.,+
1374,These,drivers,concealed,this,gray,oxen.,-
1375,All,children,impresses,this,happy,man.,+
1376,All,children,impresses,these,happy,man.,-
1377,People,will,conceal,that,concealed,man.,+
1378,People,will,conceal,those,concealed,man.,-
1379,Some,patient,returns,to,this,old,man.,+
1380,Some,patient,returns,to,these,old,man.,-
1381,Many,actresses,discovered,those,big,oases.,+
1382,Many,actresses,discovered,that,big,oases.,-
1383,The,school,talks,about,those,young,alumni.,+
1384,The,school,talks,about,that,young,alumni.,-
1385,Omar,admired,these,blue,fungi.,+
1386,Omar,admired,this,blue,fungi.,-
1387,Some,school,can't,hate,these,good,people.,+
1388,Some,school,can't,hate,this,good,people.,-
1389,A,lot,of,eggplants,wouldn't,disturb,that,determined,woman.,+
1390,A,lot,of,eggplants,wouldn't,disturb,those,determined,woman.,-
1391,That,cake,could,annoy,these,uncertain,men.,+
1392,That,cake,could,annoy,this,uncertain,men.,-
1393,Lamps,are,worrying,these,hopeful,alumni.,+
1394,Lamps,are,worrying,this,hopeful,alumni.,-
1395,A,lot,of,eggplants,bore,these,excited,alumni.,+
1396,A,lot,of,eggplants,bore,this,excited,alumni.,-
1397,A,lot,of,teachers,arrived,at,these,old,oases.,+
1398,A,lot,of,teachers,arrived,at,this,old,oases.,-
1399,Most,sweaters,hurt,those,happy,people.,+
1400,Most,sweaters,hurt,that,happy,people.,-
1401,Tara,scans,those,good,analyses.,+
1402,Tara,scans,that,good,analyses.,-
1403,The,man,doesn't,reference,this,out,in,the,open,woman.,+
1404,The,man,doesn't,reference,these,out,in,the,open,woman.,-
1405,This,cashier,is,leaving,this,employed,person.,+
1406,This,cashier,is,leaving,these,employed,person.,-
1407,Bananas,bother,these,clever,alumni.,+
1408,Bananas,bother,this,clever,alumni.,-
1409,Some,convertibles,had,worried,those,fast,men.,+
1410,Some,convertibles,had,worried,that,fast,men.,-
1411,Carl,bored,those,nice,women.,+
1412,Carl,bored,that,nice,women.,-
1413,These,teachers,explore,these,old,oases.,+
1414,These,teachers,explore,this,old,oases.,-
1415,Many,waiters,work,with,this,scared,child.,+
1416,Many,waiters,work,with,these,scared,child.,-
1417,Committees,admire,that,smart,child.,+
1418,Committees,admire,those,smart,child.,-
1419,Matt,approaches,this,exposed,child.,+
1420,Matt,approaches,these,exposed,child.,-
1421,Brian,talks,to,this,lucky,man.,+
1422,Brian,talks,to,these,lucky,man.,-
1423,A,boy,isn't,talking,about,that,red,oasis.,+
1424,A,boy,isn't,talking,about,those,red,oasis.,-
1425,Phillip,bought,those,black,feet.,+
1426,Phillip,bought,that,black,feet.,-
1427,Eric,isn't,buying,those,brown,geese.,+
1428,Eric,isn't,buying,that,brown,geese.,-
1429,Elaine,remembers,this,delighted,woman.,+
1430,Elaine,remembers,these,delighted,woman.,-
1431,This,pedestrian,arrives,at,that,smooth,oasis.,+
1432,This,pedestrian,arrives,at,those,smooth,oasis.,-
1433,Those,men,forget,these,smart,men.,+
1434,Those,men,forget,this,smart,men.,-
1435,Tara,might,alarm,this,unsure,person.,+
1436,Tara,might,alarm,these,unsure,person.,-
1437,Vanessa,was,healing,those,purple,geese.,+
1438,Vanessa,was,healing,that,purple,geese.,-
1439,Steven,hasn't,questioned,those,troubled,people.,+
1440,Steven,hasn't,questioned,that,troubled,people.,-
1441,Thomas,hides,this,clever,woman.,+
1442,Thomas,hides,these,clever,woman.,-
1443,Most,eyes,confuse,these,content,alumni.,+
1444,Most,eyes,confuse,this,content,alumni.,-
1445,That,dog,aggravates,this,busy,child.,+
1446,That,dog,aggravates,these,busy,child.,-
1447,Karen,has,attacked,this,popular,child.,+
1448,Karen,has,attacked,these,popular,child.,-
1449,Heidi,might,confuse,those,displeased,men.,+
1450,Heidi,might,confuse,that,displeased,men.,-
1451,Maria,kisses,this,bad,person.,+
1452,Maria,kisses,these,bad,person.,-
1453,Tanya,passes,this,purple,oasis.,+
1454,Tanya,passes,these,purple,oasis.,-
1455,Marla,has,respected,those,delighted,alumni.,+
1456,Marla,has,respected,that,delighted,alumni.,-
1457,Paula,is,investigating,this,employed,alumnus.,+
1458,Paula,is,investigating,these,employed,alumnus.,-
1459,Most,chairs,aren't,disgusting,those,serious,women.,+
1460,Most,chairs,aren't,disgusting,that,serious,women.,-
1461,Men,hadn't,run,around,this,purple,oasis.,+
1462,Men,hadn't,run,around,these,purple,oasis.,-
1463,Tina,hadn't,arrived,at,those,green,oases.,+
1464,Tina,hadn't,arrived,at,that,green,oases.,-
1465,Karla,knew,this,busy,alumnus.,+
1466,Karla,knew,these,busy,alumnus.,-
1467,The,actors,care,for,these,exposed,people.,+
1468,The,actors,care,for,this,exposed,people.,-
1469,Michelle,might,alarm,this,employed,man.,+
1470,Michelle,might,alarm,these,employed,man.,-
1471,Maria,hasn't,walked,through,these,hard,oases.,+
1472,Maria,hasn't,walked,through,this,hard,oases.,-
1473,That,report,might,disagree,with,those,delighted,men.,+
1474,That,report,might,disagree,with,that,delighted,men.,-
1475,Actresses,discuss,this,popular,person.,+
1476,Actresses,discuss,these,popular,person.,-
1477,Holly,won't,watch,these,unlucky,men.,+
1478,Holly,won't,watch,this,unlucky,men.,-
1479,Carl,was,driving,to,those,blue,oases.,+
1480,Carl,was,driving,to,that,blue,oases.,-
1481,Bill,passes,that,rough,oasis.,+
1482,Bill,passes,those,rough,oasis.,-
1483,All,men,praise,this,good,thesis.,+
1484,All,men,praise,these,good,thesis.,-
1485,Many,doctors,should,escape,from,these,hopeful,women.,+
1486,Many,doctors,should,escape,from,this,hopeful,women.,-
1487,Many,girls,find,these,nice,men.,+
1488,Many,girls,find,this,nice,men.,-
1489,Every,museum,helps,those,concealed,children.,+
1490,Every,museum,helps,that,concealed,children.,-
1491,Marla,was,distracting,these,determined,people.,+
1492,Marla,was,distracting,this,determined,people.,-
1493,Those,computers,might,confuse,this,nice,child.,+
1494,Those,computers,might,confuse,these,nice,child.,-
1495,Tanya,hasn't,loved,that,content,woman.,+
1496,Tanya,hasn't,loved,those,content,woman.,-
1497,Theresa,won't,conceal,those,lost,lice.,+
1498,Theresa,won't,conceal,that,lost,lice.,-
1499,The,Borgias,do,cure,these,out,in,the,open,octopi.,+
1500,The,Borgias,do,cure,this,out,in,the,open,octopi.,-
1501,Kenneth,messed,up,those,lost,teeth.,+
1502,Kenneth,messed,up,that,lost,teeth.,-
1503,Jodi,doesn't,alarm,these,unsure,people.,+
1504,Jodi,doesn't,alarm,this,unsure,people.,-
1505,This,customer,scans,those,good,analyses.,+
1506,This,customer,scans,that,good,analyses.,-
1507,Vincent,can't,watch,this,hopeful,alumnus.,+
1508,Vincent,can't,watch,these,hopeful,alumnus.,-
1509,Jodi,talked,to,this,unconvinced,child.,+
1510,Jodi,talked,to,these,unconvinced,child.,-
1511,Katherine,exited,these,exposed,oases.,+
1512,Katherine,exited,this,exposed,oases.,-
1513,Beverly,hasn't,brought,these,rough,fungi.,+
1514,Beverly,hasn't,brought,this,rough,fungi.,-
1515,That,unicycle,is,boring,those,standing,children.,+
1516,That,unicycle,is,boring,that,standing,children.,-
1517,That,boy,can't,escape,from,those,unsure,children.,+
1518,That,boy,can't,escape,from,that,unsure,children.,-
1519,An,adult,bought,these,black,axes.,+
1520,An,adult,bought,this,black,axes.,-
1521,Sara,isn't,kissing,this,nice,woman.,+
1522,Sara,isn't,kissing,these,nice,woman.,-
1523,Robert,couldn't,embarrass,those,scared,people.,+
1524,Robert,couldn't,embarrass,that,scared,people.,-
1525,Deborah,had,fled,from,that,important,woman.,+
1526,Deborah,had,fled,from,those,important,woman.,-
1527,Brenda,discussed,that,serious,woman.,+
1528,Brenda,discussed,those,serious,woman.,-
1529,Some,women,questioned,that,big,woman.,+
1530,Some,women,questioned,those,big,woman.,-
1531,Rodney,didn't,kiss,those,displeased,women.,+
1532,Rodney,didn't,kiss,that,displeased,women.,-
1533,Carrie,can,help,those,lost,alumni.,+
1534,Carrie,can,help,that,lost,alumni.,-
1535,Many,guests,approach,this,lucky,man.,+
1536,Many,guests,approach,these,lucky,man.,-
1537,Some,student,messes,up,that,hard,foot.,+
1538,Some,student,messes,up,those,hard,foot.,-
1539,Some,men,had,skated,around,these,hard,oases.,+
1540,Some,men,had,skated,around,this,hard,oases.,-
1541,Some,light,would,annoy,those,happy,alumni.,+
1542,Some,light,would,annoy,that,happy,alumni.,-
1543,Many,casseroles,shock,these,unconvinced,men.,+
1544,Many,casseroles,shock,this,unconvinced,men.,-
1545,Carl,talks,about,those,confident,children.,+
1546,Carl,talks,about,that,confident,children.,-
1547,Timothy,was,dropping,by,those,new,oases.,+
1548,Timothy,was,dropping,by,that,new,oases.,-
1549,Lori,has,approached,these,scared,people.,+
1550,Lori,has,approached,this,scared,people.,-
1551,Jodi,wouldn't,mess,up,those,orange,feet.,+
1552,Jodi,wouldn't,mess,up,that,orange,feet.,-
1553,This,newspaper,article,will,embarrass,this,determined,child.,+
1554,This,newspaper,article,will,embarrass,these,determined,child.,-
1555,A,lot,of,guys,conceal,this,long,analysis.,+
1556,A,lot,of,guys,conceal,these,long,analysis.,-
1557,Lawrence,fired,that,serious,woman.,+
1558,Lawrence,fired,those,serious,woman.,-
1559,This,story,didn't,bore,this,serious,man.,+
1560,This,story,didn't,bore,these,serious,man.,-
1561,Mary,can't,remember,that,clever,person.,+
1562,Mary,can't,remember,those,clever,person.,-
1563,Marie,could,listen,to,that,big,woman.,+
1564,Marie,could,listen,to,those,big,woman.,-
1565,Clyde,had,those,exposed,axes.,+
1566,Clyde,had,that,exposed,axes.,-
1567,Victoria,has,left,these,delighted,men.,+
1568,Victoria,has,left,this,delighted,men.,-
1569,The,Impressionists,disagree,with,those,bad,analyses.,+
1570,The,Impressionists,disagree,with,that,bad,analyses.,-
1571,Amy,took,that,hidden,fungus.,+
1572,Amy,took,those,hidden,fungus.,-
1573,Rose,was,fixing,this,hard,foot.,+
1574,Rose,was,fixing,these,hard,foot.,-
1575,Most,dishes,weren't,astounding,these,scared,men.,+
1576,Most,dishes,weren't,astounding,this,scared,men.,-
1577,The,doctor,sees,those,smooth,cacti.,+
1578,The,doctor,sees,that,smooth,cacti.,-
1579,Rodney,hadn't,cured,these,white,octopi.,+
1580,Rodney,hadn't,cured,this,white,octopi.,-
1581,This,museum,hadn't,disgusted,these,troubled,men.,+
1582,This,museum,hadn't,disgusted,this,troubled,men.,-
1583,Patrick,complained,about,those,scared,men.,+
1584,Patrick,complained,about,that,scared,men.,-
1585,Jacqueline,should,stun,these,determined,alumni.,+
1586,Jacqueline,should,stun,this,determined,alumni.,-
1587,All,apples,worry,this,serious,man.,+
1588,All,apples,worry,these,serious,man.,-
1589,The,drawing,isn't,scaring,that,old,child.,+
1590,The,drawing,isn't,scaring,those,old,child.,-
1591,Veronica,questioned,this,uncertain,woman.,+
1592,Veronica,questioned,these,uncertain,woman.,-
1593,Vanessa,hadn't,known,this,determined,alumnus.,+
1594,Vanessa,hadn't,known,these,determined,alumnus.,-
1595,Cynthia,hadn't,kissed,this,unemployed,man.,+
1596,Cynthia,hadn't,kissed,these,unemployed,man.,-
1597,These,companies,irritate,that,exposed,woman.,+
1598,These,companies,irritate,those,exposed,woman.,-
1599,This,dancer,wasn't,biking,to,this,orange,oasis.,+
1600,This,dancer,wasn't,biking,to,these,orange,oasis.,-
1601,Those,legislatures,could,disturb,this,upset,alumnus.,+
1602,Those,legislatures,could,disturb,these,upset,alumnus.,-
1603,Some,adult,hasn't,hidden,these,ill,men.,+
1604,Some,adult,hasn't,hidden,this,ill,men.,-
1605,A,cashier,should,insult,these,hidden,children.,+
1606,A,cashier,should,insult,this,hidden,children.,-
1607,Danielle,could,annoy,that,confident,man.,+
1608,Danielle,could,annoy,those,confident,man.,-
1609,These,teachers,lift,this,exposed,goose.,+
1610,These,teachers,lift,these,exposed,goose.,-
1611,Christina,drove,to,that,exposed,oasis.,+
1612,Christina,drove,to,those,exposed,oasis.,-
1613,Jesus,hadn't,sounded,like,these,hidden,people.,+
1614,Jesus,hadn't,sounded,like,this,hidden,people.,-
1615,Many,mushrooms,irritate,that,upset,man.,+
1616,Many,mushrooms,irritate,those,upset,man.,-
1617,Some,committee,bought,those,white,lice.,+
1618,Some,committee,bought,that,white,lice.,-
1619,Daniel,hasn't,known,this,determined,man.,+
1620,Daniel,hasn't,known,these,determined,man.,-
1621,Art,hadn't,scared,these,serious,alumni.,+
1622,Art,hadn't,scared,this,serious,alumni.,-
1623,Alice,fires,this,unconvinced,child.,+
1624,Alice,fires,these,unconvinced,child.,-
1625,Melanie,hid,that,exposed,tooth.,+
1626,Melanie,hid,those,exposed,tooth.,-
1627,Most,hamsters,find,that,red,tooth.,+
1628,Most,hamsters,find,those,red,tooth.,-
1629,Those,children,explore,those,small,oases.,+
1630,Those,children,explore,that,small,oases.,-
1631,Most,museums,listen,to,this,troubled,man.,+
1632,Most,museums,listen,to,these,troubled,man.,-
1633,Patrick,embarrassed,this,unemployed,person.,+
1634,Patrick,embarrassed,these,unemployed,person.,-
1635,A,lot,of,icicles,had,alarmed,that,hidden,woman.,+
1636,A,lot,of,icicles,had,alarmed,those,hidden,woman.,-
1637,Matt,hadn't,impressed,this,exposed,child.,+
1638,Matt,hadn't,impressed,these,exposed,child.,-
1639,Eric,might,see,those,new,feet.,+
1640,Eric,might,see,that,new,feet.,-
1641,Some,turtle,can,confuse,this,old,alumnus.,+
1642,Some,turtle,can,confuse,these,old,alumnus.,-
1643,Most,guests,explore,these,smooth,oases.,+
1644,Most,guests,explore,this,smooth,oases.,-
1645,Brian,has,praised,that,happy,alumnus.,+
1646,Brian,has,praised,those,happy,alumnus.,-
1647,Karen,sees,these,ill,lice.,+
1648,Karen,sees,this,ill,lice.,-
1649,Alicia,doesn't,observe,this,confident,alumnus.,+
1650,Alicia,doesn't,observe,these,confident,alumnus.,-
1651,That,horse,does,find,this,lost,octopus.,+
1652,That,horse,does,find,these,lost,octopus.,-
1653,Those,customers,haven't,annoyed,those,delighted,children.,+
1654,Those,customers,haven't,annoyed,that,delighted,children.,-
1655,The,Great,Lakes,confused,these,hidden,women.,+
1656,The,Great,Lakes,confused,this,hidden,women.,-
1657,Russell,watches,these,unsure,women.,+
1658,Russell,watches,this,unsure,women.,-
1659,Jacqueline,has,concealed,these,long,synopses.,+
1660,Jacqueline,has,concealed,this,long,synopses.,-
1661,Carrie,isn't,hiring,this,small,woman.,+
1662,Carrie,isn't,hiring,these,small,woman.,-
1663,Charles,doesn't,admire,these,big,mice.,+
1664,Charles,doesn't,admire,this,big,mice.,-
1665,The,Impressionists,might,think,about,that,white,thesis.,+
1666,The,Impressionists,might,think,about,those,white,thesis.,-
1667,Most,men,question,those,bad,people.,+
1668,Most,men,question,that,bad,people.,-
1669,Lissa,hasn't,left,this,upset,woman.,+
1670,Lissa,hasn't,left,these,upset,woman.,-
1671,Janice,won't,fire,that,determined,child.,+
1672,Janice,won't,fire,those,determined,child.,-
1673,This,company,criticized,this,lucky,man.,+
1674,This,company,criticized,these,lucky,man.,-
1675,The,banks,hurt,that,excited,woman.,+
1676,The,banks,hurt,those,excited,woman.,-
1677,Peter,wasn't,walking,through,those,red,oases.,+
1678,Peter,wasn't,walking,through,that,red,oases.,-
1679,Rebecca,wasn't,referencing,this,long,synopsis.,+
1680,Rebecca,wasn't,referencing,these,long,synopsis.,-
1681,Naomi,notices,this,smooth,octopus.,+
1682,Naomi,notices,these,smooth,octopus.,-
1683,Patrick,conceals,this,hard,stimulus.,+
1684,Patrick,conceals,these,hard,stimulus.,-
1685,Candice,shouldn't,bring,those,smooth,feet.,+
1686,Candice,shouldn't,bring,that,smooth,feet.,-
1687,All,books,sound,like,those,content,women.,+
1688,All,books,sound,like,that,content,women.,-
1689,Bethany,hasn't,arrived,at,this,white,oasis.,+
1690,Bethany,hasn't,arrived,at,these,white,oasis.,-
1691,Steve,reveals,these,unemployed,alumni.,+
1692,Steve,reveals,this,unemployed,alumni.,-
1693,Sonia,was,upsetting,that,ill,woman.,+
1694,Sonia,was,upsetting,those,ill,woman.,-
1695,Keith,wasn't,boring,these,delighted,men.,+
1696,Keith,wasn't,boring,this,delighted,men.,-
1697,The,Borgias,admire,these,hard,mice.,+
1698,The,Borgias,admire,this,hard,mice.,-
1699,These,drivers,had,forgotten,this,good,analysis.,+
1700,These,drivers,had,forgotten,these,good,analysis.,-
1701,Helen,skates,around,this,blue,oasis.,+
1702,Helen,skates,around,these,blue,oasis.,-
1703,Galileo,found,that,smooth,stimulus.,+
1704,Galileo,found,those,smooth,stimulus.,-
1705,Kimberley,isn't,curing,these,small,octopi.,+
1706,Kimberley,isn't,curing,this,small,octopi.,-
1707,Debra,didn't,conceal,these,popular,men.,+
1708,Debra,didn't,conceal,this,popular,men.,-
1709,A,lot,of,doctors,hug,these,scared,children.,+
1710,A,lot,of,doctors,hug,this,scared,children.,-
1711,Those,pedestrians,weren't,fleeing,from,these,concealed,men.,+
1712,Those,pedestrians,weren't,fleeing,from,this,concealed,men.,-
1713,Those,children,find,that,exposed,thesis.,+
1714,Those,children,find,those,exposed,thesis.,-
1715,Debra,admires,these,blue,octopi.,+
1716,Debra,admires,this,blue,octopi.,-
1717,Bruce,wasn't,approaching,that,clever,alumnus.,+
1718,Bruce,wasn't,approaching,those,clever,alumnus.,-
1719,Lawrence,isn't,questioning,that,nice,woman.,+
1720,Lawrence,isn't,questioning,those,nice,woman.,-
1721,Some,waitresses,have,this,big,octopus.,+
1722,Some,waitresses,have,these,big,octopus.,-
1723,Carolyn,had,embarrassed,that,busy,alumnus.,+
1724,Carolyn,had,embarrassed,those,busy,alumnus.,-
1725,Jeffrey,aggravated,that,smart,man.,+
1726,Jeffrey,aggravated,those,smart,man.,-
1727,Guy,messed,up,this,yellow,foot.,+
1728,Guy,messed,up,these,yellow,foot.,-
1729,Every,book,is,embarrassing,this,small,woman.,+
1730,Every,book,is,embarrassing,these,small,woman.,-
1731,These,associations,were,talking,about,these,scared,women.,+
1732,These,associations,were,talking,about,this,scared,women.,-
1733,Todd,disturbs,this,upset,child.,+
1734,Todd,disturbs,these,upset,child.,-
1735,That,window,alarms,these,exposed,women.,+
1736,That,window,alarms,this,exposed,women.,-
1737,A,window,upsets,these,upset,men.,+
1738,A,window,upsets,this,upset,men.,-
1739,Monet,is,fixing,that,brown,foot.,+
1740,Monet,is,fixing,those,brown,foot.,-
1741,Adam,left,these,big,alumni.,+
1742,Adam,left,this,big,alumni.,-
1743,Stacy,can,exit,that,big,oasis.,+
1744,Stacy,can,exit,those,big,oasis.,-
1745,Roger,was,returning,to,those,happy,alumni.,+
1746,Roger,was,returning,to,that,happy,alumni.,-
1747,Dana,isn't,investigating,this,ill,woman.,+
1748,Dana,isn't,investigating,these,ill,woman.,-
1749,Tammy,has,those,yellow,axes.,+
1750,Tammy,has,that,yellow,axes.,-
1751,Marla,leaves,those,employed,children.,+
1752,Marla,leaves,that,employed,children.,-
1753,Sarah,referenced,that,ill,child.,+
1754,Sarah,referenced,those,ill,child.,-
1755,Edward,complained,about,this,serious,child.,+
1756,Edward,complained,about,these,serious,child.,-
1757,Carolyn,healed,those,bad,women.,+
1758,Carolyn,healed,that,bad,women.,-
1759,The,waitresses,fired,those,upset,alumni.,+
1760,The,waitresses,fired,that,upset,alumni.,-
1761,Every,driver,dropped,by,that,old,oasis.,+
1762,Every,driver,dropped,by,those,old,oasis.,-
1763,William,hadn't,hugged,these,hopeful,alumni.,+
1764,William,hadn't,hugged,this,hopeful,alumni.,-
1765,The,Lutherans,had,messed,up,those,lost,feet.,+
1766,The,Lutherans,had,messed,up,that,lost,feet.,-
1767,Florence,hasn't,confused,those,standing,men.,+
1768,Florence,hasn't,confused,that,standing,men.,-
1769,Some,convertible,upset,this,upset,woman.,+
1770,Some,convertible,upset,these,upset,woman.,-
1771,Rebecca,saw,this,hidden,foot.,+
1772,Rebecca,saw,these,hidden,foot.,-
1773,Derek,returned,to,these,content,men.,+
1774,Derek,returned,to,this,content,men.,-
1775,Those,teachers,love,those,hidden,women.,+
1776,Those,teachers,love,that,hidden,women.,-
1777,Jennifer,worried,those,ill,men.,+
1778,Jennifer,worried,that,ill,men.,-
1779,A,chair,was,stunning,this,big,man.,+
1780,A,chair,was,stunning,these,big,man.,-
1781,Paintings,looked,like,that,gray,thesis.,+
1782,Paintings,looked,like,those,gray,thesis.,-
1783,Karla,toured,this,rough,oasis.,+
1784,Karla,toured,these,rough,oasis.,-
1785,Walter,couldn't,boycott,those,hidden,oases.,+
1786,Walter,couldn't,boycott,that,hidden,oases.,-
1787,Donald,has,worried,this,smart,man.,+
1788,Donald,has,worried,these,smart,man.,-
1789,Catherine,has,boycotted,those,gray,oases.,+
1790,Catherine,has,boycotted,that,gray,oases.,-
1791,Nicole,toured,those,yellow,oases.,+
1792,Nicole,toured,that,yellow,oases.,-
1793,Barbara,praises,that,young,woman.,+
1794,Barbara,praises,those,young,woman.,-
1795,The,apple,aggravates,those,hopeful,children.,+
1796,The,apple,aggravates,that,hopeful,children.,-
1797,All,photographs,could,look,like,this,big,fungus.,+
1798,All,photographs,could,look,like,these,big,fungus.,-
1799,Guys,should,talk,about,that,good,synopsis.,+
1800,Guys,should,talk,about,those,good,synopsis.,-
1801,Tracy,discovered,this,concealed,alumnus.,+
1802,Tracy,discovered,these,concealed,alumnus.,-
1803,All,actresses,are,helping,this,troubled,man.,+
1804,All,actresses,are,helping,these,troubled,man.,-
1805,Douglas,isn't,revealing,this,dirty,foot.,+
1806,Douglas,isn't,revealing,these,dirty,foot.,-
1807,Most,senators,confuse,that,standing,child.,+
1808,Most,senators,confuse,those,standing,child.,-
1809,Those,doctors,embarrass,that,upset,woman.,+
1810,Those,doctors,embarrass,those,upset,woman.,-
1811,A,lot,of,customers,were,healing,those,sick,men.,+
1812,A,lot,of,customers,were,healing,that,sick,men.,-
1813,Sabrina,does,conceal,these,old,alumni.,+
1814,Sabrina,does,conceal,this,old,alumni.,-
1815,Many,girls,can't,observe,those,young,alumni.,+
1816,Many,girls,can't,observe,that,young,alumni.,-
1817,The,actresses,hire,that,lucky,man.,+
1818,The,actresses,hire,those,lucky,man.,-
1819,Andrea,is,firing,that,scared,child.,+
1820,Andrea,is,firing,those,scared,child.,-
1821,That,dancer,scanned,that,bad,synopsis.,+
1822,That,dancer,scanned,those,bad,synopsis.,-
1823,Daniel,breaks,these,dirty,teeth.,+
1824,Daniel,breaks,this,dirty,teeth.,-
1825,Students,had,messed,up,those,purple,teeth.,+
1826,Students,had,messed,up,that,purple,teeth.,-
1827,Becky,boycotted,those,old,oases.,+
1828,Becky,boycotted,that,old,oases.,-
1829,Florence,talks,to,those,good,women.,+
1830,Florence,talks,to,that,good,women.,-
1831,Carmen,won't,break,this,big,foot.,+
1832,Carmen,won't,break,these,big,foot.,-
1833,Stephen,fired,those,employed,men.,+
1834,Stephen,fired,that,employed,men.,-
1835,Many,governments,confuse,this,sick,woman.,+
1836,Many,governments,confuse,these,sick,woman.,-
1837,Heidi,healed,this,troubled,child.,+
1838,Heidi,healed,these,troubled,child.,-
1839,Daniel,questions,these,employed,alumni.,+
1840,Daniel,questions,this,employed,alumni.,-
1841,People,admire,these,yellow,oxen.,+
1842,People,admire,this,yellow,oxen.,-
1843,Those,adults,embarrasses,this,displeased,woman.,+
1844,Those,adults,embarrasses,these,displeased,woman.,-
1845,Winston,Churchill,notices,these,big,nuclei.,+
1846,Winston,Churchill,notices,this,big,nuclei.,-
1847,All,women,hide,those,concealed,nuclei.,+
1848,All,women,hide,that,concealed,nuclei.,-
1849,Charles,was,escaping,from,those,lucky,men.,+
1850,Charles,was,escaping,from,that,lucky,men.,-
1851,Paul,doesn't,insult,this,happy,woman.,+
1852,Paul,doesn't,insult,these,happy,woman.,-
1853,Galileo,isn't,scanning,this,brown,thesis.,+
1854,Galileo,isn't,scanning,these,brown,thesis.,-
1855,The,newspaper,article,doesn't,annoy,that,exposed,man.,+
1856,The,newspaper,article,doesn't,annoy,those,exposed,man.,-
1857,Carmen,noticed,these,gray,cacti.,+
1858,Carmen,noticed,this,gray,cacti.,-
1859,Teresa,approaches,this,upset,man.,+
1860,Teresa,approaches,these,upset,man.,-
1861,April,was,revealing,this,hidden,woman.,+
1862,April,was,revealing,these,hidden,woman.,-
1863,Michael,has,loved,these,scared,men.,+
1864,Michael,has,loved,this,scared,men.,-
1865,Joseph,hadn't,bought,those,hard,lice.,+
1866,Joseph,hadn't,bought,that,hard,lice.,-
1867,Larry,did,drive,to,this,out,in,the,open,oasis.,+
1868,Larry,did,drive,to,these,out,in,the,open,oasis.,-
1869,Lisa,hasn't,driven,to,that,new,oasis.,+
1870,Lisa,hasn't,driven,to,those,new,oasis.,-
1871,Steve,scanned,this,good,synopsis.,+
1872,Steve,scanned,these,good,synopsis.,-
1873,The,Lutherans,care,for,those,hopeful,men.,+
1874,The,Lutherans,care,for,that,hopeful,men.,-
1875,Christine,bikes,to,these,orange,oases.,+
1876,Christine,bikes,to,this,orange,oases.,-
1877,Most,actors,distracted,this,popular,woman.,+
1878,Most,actors,distracted,these,popular,woman.,-
1879,Emily,should,observe,those,displeased,men.,+
1880,Emily,should,observe,that,displeased,men.,-
1881,The,drivers,do,sell,this,green,thesis.,+
1882,The,drivers,do,sell,these,green,thesis.,-
1883,Most,drivers,love,these,unemployed,men.,+
1884,Most,drivers,love,this,unemployed,men.,-
1885,Those,doctors,care,for,this,hopeful,man.,+
1886,Those,doctors,care,for,these,hopeful,man.,-
1887,Brad,kisses,that,displeased,man.,+
1888,Brad,kisses,those,displeased,man.,-
1889,Danielle,had,argued,about,those,troubled,men.,+
1890,Danielle,had,argued,about,that,troubled,men.,-
1891,An,actor,is,disgusting,those,unsure,men.,+
1892,An,actor,is,disgusting,that,unsure,men.,-
1893,Galileo,didn't,hurt,those,displeased,children.,+
1894,Galileo,didn't,hurt,that,displeased,children.,-
1895,Omar,messed,up,these,small,teeth.,+
1896,Omar,messed,up,this,small,teeth.,-
1897,Carmen,will,watch,this,smart,person.,+
1898,Carmen,will,watch,these,smart,person.,-
1899,Jeffrey,hid,that,unlucky,child.,+
1900,Jeffrey,hid,those,unlucky,child.,-
1901,Every,plane,bothers,this,upset,child.,+
1902,Every,plane,bothers,these,upset,child.,-
1903,A,lot,of,hospitals,have,those,blue,teeth.,+
1904,A,lot,of,hospitals,have,that,blue,teeth.,-
1905,Nancy,wasn't,disturbing,that,clever,man.,+
1906,Nancy,wasn't,disturbing,those,clever,man.,-
1907,These,ladies,bought,that,white,tooth.,+
1908,These,ladies,bought,those,white,tooth.,-
1909,Every,skirt,annoys,that,confident,person.,+
1910,Every,skirt,annoys,those,confident,person.,-
1911,These,actors,weren't,biking,to,these,red,oases.,+
1912,These,actors,weren't,biking,to,this,red,oases.,-
1913,Carmen,has,described,those,confident,people.,+
1914,Carmen,has,described,that,confident,people.,-
1915,All,legislatures,criticize,that,brown,oasis.,+
1916,All,legislatures,criticize,those,brown,oasis.,-
1917,Paula,works,with,that,clever,person.,+
1918,Paula,works,with,those,clever,person.,-
1919,Benjamin,respects,those,confident,children.,+
1920,Benjamin,respects,that,confident,children.,-
1921,Mitchell,attacked,these,unsure,alumni.,+
1922,Mitchell,attacked,this,unsure,alumni.,-
1923,The,Lutherans,hadn't,cleaned,these,broken,teeth.,+
1924,The,Lutherans,hadn't,cleaned,this,broken,teeth.,-
1925,A,lot,of,children,observe,that,young,child.,+
1926,A,lot,of,children,observe,those,young,child.,-
1927,Gary,hadn't,sounded,like,this,out,in,the,open,oasis.,+
1928,Gary,hadn't,sounded,like,these,out,in,the,open,oasis.,-
1929,That,fish,annoyed,this,serious,alumnus.,+
1930,That,fish,annoyed,these,serious,alumnus.,-
1931,Spotlights,worry,those,standing,people.,+
1932,Spotlights,worry,that,standing,people.,-
1933,Rodney,returned,to,these,content,alumni.,+
1934,Rodney,returned,to,this,content,alumni.,-
1935,Bruce,references,this,unemployed,child.,+
1936,Bruce,references,these,unemployed,child.,-
1937,Many,museums,criticize,this,bad,analysis.,+
1938,Many,museums,criticize,these,bad,analysis.,-
1939,Danielle,knows,that,concealed,man.,+
1940,Danielle,knows,those,concealed,man.,-
1941,Katherine,sells,that,smooth,oasis.,+
1942,Katherine,sells,those,smooth,oasis.,-
1943,Meredith,hadn't,scared,these,clever,people.,+
1944,Meredith,hadn't,scared,this,clever,people.,-
1945,Walter,biked,to,these,gray,oases.,+
1946,Walter,biked,to,this,gray,oases.,-
1947,Phillip,has,investigated,this,unemployed,man.,+
1948,Phillip,has,investigated,these,unemployed,man.,-
1949,Alice,knows,that,ill,woman.,+
1950,Alice,knows,those,ill,woman.,-
1951,Daniel,bothered,that,unemployed,alumnus.,+
1952,Daniel,bothered,those,unemployed,alumnus.,-
1953,Some,children,notice,this,black,thesis.,+
1954,Some,children,notice,these,black,thesis.,-
1955,George,has,alarmed,these,unemployed,children.,+
1956,George,has,alarmed,this,unemployed,children.,-
1957,Sarah,won't,drive,to,this,concealed,oasis.,+
1958,Sarah,won't,drive,to,these,concealed,oasis.,-
1959,Grace,arrived,at,those,small,oases.,+
1960,Grace,arrived,at,that,small,oases.,-
1961,David,kisses,that,lucky,man.,+
1962,David,kisses,those,lucky,man.,-
1963,Laura,isn't,lifting,this,smooth,axis.,+
1964,Laura,isn't,lifting,these,smooth,axis.,-
1965,Mark,embarrassed,these,confident,children.,+
1966,Mark,embarrassed,this,confident,children.,-
1967,Patients,bothers,this,employed,man.,+
1968,Patients,bothers,these,employed,man.,-
1969,Christopher,has,criticized,this,bad,synopsis.,+
1970,Christopher,has,criticized,these,bad,synopsis.,-
1971,Todd,hadn't,gone,to,this,cheap,oasis.,+
1972,Todd,hadn't,gone,to,these,cheap,oasis.,-
1973,Becca,does,investigate,this,lucky,alumnus.,+
1974,Becca,does,investigate,these,lucky,alumnus.,-
1975,Sabrina,visits,those,fast,women.,+
1976,Sabrina,visits,that,fast,women.,-
1977,Janet,knew,those,unconvinced,children.,+
1978,Janet,knew,that,unconvinced,children.,-
1979,Christine,hated,this,young,man.,+
1980,Christine,hated,these,young,man.,-
1981,Chad,hadn't,complained,about,these,big,oases.,+
1982,Chad,hadn't,complained,about,this,big,oases.,-
1983,Many,bikes,stun,that,nice,man.,+
1984,Many,bikes,stun,those,nice,man.,-
1985,William,hasn't,investigated,these,fast,men.,+
1986,William,hasn't,investigated,this,fast,men.,-
1987,Kristin,couldn't,research,these,smooth,oases.,+
1988,Kristin,couldn't,research,this,smooth,oases.,-
1989,Travis,arrives,at,these,old,oases.,+
1990,Travis,arrives,at,this,old,oases.,-
1991,Many,boys,drive,to,this,yellow,oasis.,+
1992,Many,boys,drive,to,these,yellow,oasis.,-
1993,Danielle,won't,heal,those,unlucky,people.,+
1994,Danielle,won't,heal,that,unlucky,people.,-
1995,Sabrina,wouldn't,go,to,that,new,oasis.,+
1996,Sabrina,wouldn't,go,to,those,new,oasis.,-
1997,This,movie,theater,annoys,these,lucky,alumni.,+
1998,This,movie,theater,annoys,this,lucky,alumni.,-
1999,Stacy,doesn't,appreciate,that,out,in,the,open,woman.,+
2000,Stacy,doesn't,appreciate,those,out,in,the,open,woman.,-
